1 299 2102 2029 786 0 446 2798
2 1554 733 3491 0 3981 1906
3 2184 626 1106 1188 1653 0
4 178 283 3754 929 1386 2340 1323 12 132 105 3443 1839 2283 1076 889 1599 298 117 2090 3340 792 13 1401 32 2034 1706 1885 17 1215 1480 336 1 200 3537 1586 2884
5 265 270 332 1 200 2465 144 392 881 333 12
6 1183 1 200 2034 2516 12
7 62 2 578 290 1209 1932 254 1314 2979
8 2 11 2486 29
9 2
10 662 3202 1905 1914 176 3 1027 126 96 2343 764 4255 3327
11 283 1208 2857 2043 817 1653 65 2494 3001 3503 3110 320 43 1162 885 1032 3168 2231 1709 824 3877 1976 156 3 2221 119 755
12 4123 3415 308 1439 3157 1572 96 3243 3293 76 1917 1460 642 1107 3 1120 2694 1315 678
13 4 3035 1771 4063 1373
14 4 2616 3229 3333 3703 3818 2224
15 4 1062
16 1227 3226 3167 739 2440 5 975 1570 3217 2580 1750 30 158 1196 3369 1192 1850 3239 1324 1339 2713 151 3877 1404 108 503 2341 197 3695
17 999 718 1150 37 5 338 506 796 1686 3468 2995 2026 831 1257 3019 1507 2320 30 158 782 2572 1785 3699 2122 1995 4078
18 2499 5 2494 2711 2718 881 1947 3763 2131 886 1262 1443 2916 2347 1203 30 158 3079 2237 2976 2978 924 3254 3374 657
19 331 819 1228 6 223 243
20 6 3939
21 1351 93 6 2375 3919 1972
22 125 3299 614 7 239 1341 157 1543 2646 128 80 1609 16 313
23 841 2586 3196 3251 2826 207 3076 68 359 356 7 31 16 1655 1222 733 1435 2412 4069 2215 894 425 79 26 2162 650 772 965
24 1208 2807 3415 85 3604 2024 933 1643 1561 2531 7 274 16 1986 3417 722 791 2436 78 1251 3590 1166 79 26 2682 781 1795
25 1707 105 1066 1915 2414 2140 8 32 913 3498
26 114 2330 113 373 2495 198 8 279 191 1124
27 114 3200 279 3546 8 201 195 191
28 538 14 2222 9 599 544 1205
29 4146 9 2934
30 9
31 1971 1237 2479 3349 3494 1382 1075 1450 3693 1374 1426 1209 1380 2755 1028 962 1169 1961 2744 941 993 10
32 1249 4114 1532 825 3934 3241 621 10 1885
33 1252 343 3820 1683 1207 1898 1323 2237 3891 3014 10 596 742
34 732 2903 11
35 11 2667 4002 535
36 1463 13 1393
37 363 2807 2044 2290 2414 854 2131 2213 3662 2574 1782 1910 2751 760 13 2930 2343 1539 1466 3948 1410 254 1474 2097 248
38 549 14 574 1182 3777 3562
39 2294 1189 14 2725 759 3834 4023 2632 1769
40 328 557 1501 2050 1695 15 2729 3896 4146 46 4167 365 4175
41 15
42 15 3936
43 80 2091 17 239
44 2610 283 17 3123 3335 3837 790
45 1980 827 661 1432 878 269 186 115 193 512 267 345 18 400 116 149 773 70 72 836
46 2677 18 2326
47 18
48 22 786 98 19
49 22 98 19
50 3391 673 22 3715 98 4199 19
51 937 978 2360 236 20 3173 38 1977 2307 1818 1857 2579 1357
52 1447 20 2591 38 1174 1661 3119
53 20 1906
54 1457 3058 472 1662 803 1573 3662 21
55 1191 2157 569 785 1519 2907 3823 1764 2483 21 366 173 3459 1630 466 2539
56 21 1734
57 117 132 265 69 3039 3256 23 1517 964 231 333 1599 2665 232
58 280 256 2743 23 678
59 722 2325 1381 679 23 3933 3076 2304 3558 2620 429 3549 2664
60 2307 996 2596 3289 2028 936 1928 1004 2590 1417 24 1000 987 2588 3635 259 2692 2167 1265
61 877 2593 363 689 1682 24 40 1452 926 967 2680
62 24
63 290 354 443 300 176 630 96 49 972 319 1417 1094 25 895 1521 2619 301 1992 2884 252
64 2414 399 404 2191 2131 251 884 2985 1839 1094 141 3418 2658 25 1499 3500 2893 1932 2341 993 2326
65 1888 3906 85 2176 3019 1389 2506 26 1285 168 1295 2133 217
66 1814 1817 3576 1585 1783 942 1446 27 624 381 1915 235 319 456 208 1054 2881 3017 2612 270 131 1207 1074 2737 2270 995 1729 1841 119 1033 1241 2727
67 1860 62 3079 3884 27 1921 3329 1720
68 27 2342
69 28 569 2950 584 4269 2623 43 1818 3157
70 1713 881 3003 4091 87 639 182 1583 3962 2317 1644 2399 1482 1026 1013 978 569 3749 3784 1618 82 28 4011
71 28 1153 2194
72 921 29 4049 2839 1462 591 180
73 1267 29
74 68 442 79 436 714 960 31 1378 2980 3104 1192 403 444 1443 3493 301 897
75 815 528 719 3007 3372 31 376 1034 2156 2534 2395 474 2365 379
76 1431 1581 2555 2673 2364 441 105 1376 1644 3885 1557 899 1058 32 3018 3277 2805 2415 95 377 646 1186
77 1208 1883 388 1022 142 474 260 122 1985 516 153 2985 234 141 1029 46 33 1064 205 1476 646
78 1145 33 886 36 2992 2319
79 33
80 1527 3940 233 1311 3253 2653 2328 34 988 540 451 1126 888 274 1546 393 469 2612 3417 2568 525 258 148 2600 919 4029 4007 2893 2278 3896 591 2724 440 3331 435 167
81 2645 782 1695 338 34 3515 1665
82 422 1278 1061 34 268 1598
83 3923 416 1086 35 2267 193 1297 52
84 863 35 1914 884 1621 2436 52 111
85 590 286 638 35 3700
86 3390 36 1676 666
87 36 1123 872 2014
88 37
89 1391 831 915 1868 3226 61 37 1405 2094 2685 2976 1576 454
90 1894 1393 38
91 1860 506 39 1140 2559 385 68 3130 3227 334 2046 2568 1327 1375 3044 1028 321 1961 2143 199 3094 1122 1956
92 4178 1527 2323 902 3449 1638 1406 3369 1341 39 3206 4200 3397 757
93 2511 2198 2017 1314 39 3534 1355 997 1205
94 3512 741 2129 880 1002 40 4103 3037 2650
95 1632 2893 626 2609 40 3110 3175
96 177 1163 663 2718 122 2379 2280 3249 2880 902 41 3351 4037 236 3927 199 396 797 1808
97 41 262 1249 3332
98 41
100 1075 57 346 233 1548 55 42 118 573 66
101 42 904 2716
99 387 647 1393 304 644 1200 3151 203 530 821 127 637 2446 1243 830 90 1172 699 895 2287 1617 346 1404 1548 3812 526 42 448
102 2804 517 995 524 3730 43 1800 1218 172 2379
103 1130 293 1520 428 310 1737 2026 1495 667 1442 44 793 2848 3573 4004 2801 2056 2179 608 711 1016 2130 1678 3906 1890
104 1744 2422 2918 1185 3206 2508 505 890 206 1510 2401 44 997 99 1972 489
105 94 819 2557 225 492 990 3095 1329 2729 1356 206 637 44 1984 575 99 1096
106 45 1819 1946
107 940 411 2742 1118 1942 249 461 1675 144 578 2848 250 402 778 100 600 1196 375 380 1339 172 924 45 1569 4180 671 391 2549 1454 2234 197 1559
108 2860 45 1456
109 101 202 2064 747 3313 64 430 102 46 183 4102 1162 2053
110 593 1880 2062 1819 179 2486 889 47 1595 1251
111 2564 3027 3968 269 4189 483 547 2151 2346 47 1164 3886 1537 631 3496 2543 157 1185 1594
112 47
113 593 359 1432 115 48 2404 2886 138 207 2167 944
114 323 2050 48 3713 1295 2590 406
115 4291 48
116 538 49
117 49 4259
118 564 214 1807 2673 50 1644 1798 3169 1750 3566 2722 2061 3148 425 1064 1513 2507 1602 3919
119 50 1462 3429 2845 2034
120 50 3652
121 1918 453 515 51 3018 3397
122 2816 2758 336 3226 3832 2191 1641 51 1775 2179 3477 783 1442 3171 3610 4299
123 627 51
124 52
125 1062 2852 955 1728 310 2769 53 1702 547 3959 1021 390 1979 2067 3489 1532 263 349 1182 380 1550 918 1604 686 1497 462 679 1116 4138
126 178 311 53 69 1685 3624 3059 1287 2228 3580 3690 3332 354 2823 558 767
127 2180 3076 3587 304 2212 1691 410 53 3183 266 887 2638 968 3361 2400 3189 1680 445 319 1434 3418 1466 63 3018 3316 3375 1452 1829 2565
128 2583 4099 3846 54 4076
129 54
130 54
131 1827 1081 55 3713 1839 1846 3626
132 2415 3452 898 55 3546 3300 855
133 56
134 56
135 56
136 2104 2587 57 3093 2783 3480 829 2328 701 3679 3616 2095
137 57 4140 708 3979 2211
138 2182 3165 58 242
139 2155 58 712 2484
140 2033 58
141 101 2193 847 4224 1967 2155 378 570 3744 757 2881 3017 59 1788 1770 1759 1692 1169 3254 948 613
142 3453 1615 59
143 59 890 330
144 3196 1587 940 60 2518 759 357 552 1776 3635 1910 3330 150
145 636 2807 60 1381 898 1846 2664 2062 968 1933 2574 2349 3189 2039 1074 2480 3269 1829 1861
146 2742 60 325 1003 3005 1256 191 1180 2062 1535 1144 3750 454 763 390 226 136 2424 466 82 3094
147 1624 2024 3245 1671 1866 1131 923 1507 139 1887 165 1990 2618 1917 954 61 2608 2771 601 1070
148 2509 3555 866 61 2483 2972 646
149 62
150 63
151 63 109
152 101 2214 3760 1990 3731 3326 578 64 2604 1942 3909 696 1048 2326 222
153 3628 1454 2968 64
154 1457 1156 2694 1911 2221 2673 65 3593 478 248
155 1139 1660 3214 1061 65 1012 1666 624 611 373 720 863 517 758 1876 436 1354 1717 1760 641 1127 913 1223 1345 753 1563 360 73 588 427 3692 336 619 1754 1960 524 1166 2622 119 941 1559 1704 230
156 3213 311 577 1544 2652 654 3847 1465 1834 1394 783 1016 66 166
157 66 2409
158 439 2291 2302 850 694 1579 3109 1659 2178 67 2110 586 77 3777
159 3830 1632 3293 1045 67 3239 166
160 67 3881
161 132 1195 2280 3243 69 129 1392 2781 2187 2489 833 1742 4102 2860 1335 1618
162 1276 1642 3253 1686 2503 815 1168 2160 3613 187 861 2721 2785 525 3636 1138 1706 1471 70
163 1939 70 543 615 2796 1298
164 163 849 1148 1293 1864 1834 71 1890 1856 1127 428 1016
165 3673 487 1210 1920 2032 1030 1422 1444 1585 828 1057 71 1550 550 2182 318 790
166 3390 4159 71
167 2235 1173 72
168 2285 72 1392 2173
169 2280 2102 2144 955 73 545 104 3989
170 937 1527 1727 1781 553 2981 831 3453 511 1575 631 2987 3297 1843 73 622 918 433 427
171 363 1447 152 583 2922 2949 229 278 723 138 185 2629 726 659 2477 155 914 1811 1128 133 215 1485 3288 715 924 74 429 230
172 74
173 74 3080 335 2228 583 3414
174 3362 75 3027 1236 2980
175 75
176 2405 75
177 2675 2312 1793 1542 214 1338 341 1334 685 1281 2399 2006 1482 1191 721 814 76 2966 551 1761 1795
178 2144 76
179 1832 1398 77
180 77 2255
181 991 594 1504 2959 2340 1878 353 1357 441 775 3346 457 1977 2617 2425 2476 2175 2915 1184 1529 3259 2126 1539 78 1267 3590 2692 3266 1715 938 1332 1613
182 1013 78 3108 275
183 1947 423 2157 2324 2906 3064 670 1346 910 1776 2483 1024 3038 3083 620 80 3464 171
184 794 1963 372 517 531 298 1023 250 81 181 112 136 188 615 151 1290 862 1801 335 2571 1496 2234 1268 276
185 81 1022 1560 224
186 1739 81 3333 2895
187 3731 738 2187 82
188 83 2863 3546
189 83
190 83 3432
191 812 3639 1216 3925 2109 1549 1180 459 1492 2052 863 442 960 3160 3815 2133 643 84 1252 2215 1946 3236 2928
192 2082 1246 1849 2148 1102 2213 281 3185 677 2464 84
193 84
194 85 329 182 1765 3195 168 3580
195 86 587 1337 554 1859 3426 553 459
196 86
197 86 2708 3159 2651 4177
198 1774 87 1772 890 1231
199 87
200 88 1875 1344 2374
201 88 4333
202 88 828 629
203 422 622 4120 1576 89 3777
204 2004 1319 4031 89 2081 2815 2158
205 2360 4165 3805 2693 1500 1708 4167 89
206 90 576
207 90
208 2587 843 3985 91 2709 2467 3088 4028 840 3215 2573 212
209 2721 2127 214 91 702 2045 1116
210 3344 398 498 91
211 865 1593 92 1309 372 1008 3551 2246 696 1482 1340 159 891 2216 1679 2343 588 160 3032 2236 1117 1726 755 748 489
212 2647 159 92 1855 2507 3739 3947 1756
213 3632 92 1626
214 3853 93 901
215 925 94 747 1365 2606 2579 1357 431 935 2194 1768 1162 2053 3435 3369 899 2037 799 2528
216 372 94 2733 159 334 300 2243 1106 274 295 1441 3132 2057 277
217 1713 672 922 3245 2968 166 368 935 3022 1767 1223 3748 689 1206 789 558 301 3473 3393 1169 992 2879 3366 95 755 3448
218 506 2762 2078 95
219 97
220 97
221 97
222 2503 2426 3681 3066 99
223 673 1418 100 3573 4004 1106 1729 1943 3206 1076 1520 1698 1821 2848 510 1873 208
224 1569 2961 100 2972 1466 3329 542
225 2116 2550 4066 1774 1134 3560 774 940 3024 3252 1983 502 202 530 917 138 2224 1019 3753 453 386 2568 3100 102 1183
226 202 1080 3086 3870 1276 670 500 297 102 430 183 1838 1057 2407 3599
227 656 3628 1091 1031 1014 1109 555 683 719 2292 3595 934 1263 2251 294 2281 839 1936 1478 1523 1147 518 236 103 2306 219 2183 816 238 276 446 1231
228 103 2454 4018 1202 1154
229 103
230 4057 1855 1818 1824 1671 2137 104
231 1542 839 188 3834 104 217
232 691 1391 1664 2889 106 2569 1406 2255 3044 463
233 3043 2049 106 2032 4208 397 1256 1286 832
234 106 523 572 1900 3200 2863 1044 2574 2901
235 638 597 3181 107 1668 1765 3219 168 2264 632 3660
236 1516 2066 2246 740 3450 107 2201 1768 3063 1167 1430
237 3181 107
238 108 2091
239 108 1739 2743
240 2932 1764 1556 1419 109 3861
241 109
242 1907 1727 1583 2690 110 2284 3448 2689 895 560 3239 677 1218 3002
243 2631 791 2083 2883 110 906
244 382 1804 1389 110 600 2029 2315 408 2153 906
245 2837 1822 111
246 385 1020 2256 641 3839 111
247 481 3447 189 1927 2913 411 128 1180 502 3180 2017 884 150 602 2590 1223 1360 112 649 437 1540 858 1104 125 2655 1569 2270 2533 134 2073
248 3099 112 2345 3160 861 1423
249 114 2443 910 113 1314 620 171
250 113 1454 1146 198
251 812 239 867 683 1145 1646 1924 3444 115 2232 473 2800 222 1355 711 1252 1509 1480 3812 773 126 1995 1241
252 1213 116 3280 224 1524 3696
253 116 2961
254 117 1799 599 3715
255 1035 1110 626 508 2408 3368 118 546 2941 2505 3186
256 1040 1214 2390 3983 3203 1640 118 2619
257 1637 3714 1278 1396 391 221 3834 120 1622 2802 1364 3460 2295
258 3665 267 2435 2714 3012 514 723 1950 3088 120 826 2945 2225 2094 3174 2798 145
259 3714 1487 765 514 2814 1747 2765 120 2201 145
260 476 3035 121 388 2110 1700 1810 378 2683 1869 917 579 2912 1010 2585 2417 455 4031 3891 172 2779 1398 3608 245 1396 196 1511
261 638 4020 121 245 196
262 978 1087 509 266 121 1431 2791 356 3109 3543 3458 344 553 511 245 196
263 122
264 192 123
265 776 123
266 328 557 3376 808 2579 124 1380 365
267 2117 124 908
268 124
269 125 1951 944 1988 999 453 1416 2511 1832 3293 235 2685 231 1798 128 479 1251 232
270 259 1723 3554 193 3187 4189 126 3389
271 360 3056 127 535
272 966 958 987 127 3414
273 1610 2977 129 2931 4206 2114 3004 754
274 129
275 1533 130 2749 3619 994 3853
276 3831 130
277 130
278 1191 311 1006 131 1633 2249 2354 180
279 131 329 3361
280 2547 1337 1646 152 211 133 2523 1675 3505 949 581 2456
281 3642 133 222 3237 2895
282 134
283 1212 134 1748
284 1101 1035 322 523 2154 2768 3134 135 909 4025 1297 499 1666 398 742
285 893 135 2097 435 272 2484
286 1803 2551 1435 628 3052 1262 149 345 135 2029 3478 1459 3987
287 136
288 137
289 137
290 658 137 2185 1439
291 1496 139 411 1387
292 780 139 3898 993
293 140
294 1863 181 850 140 3561 2275
295 1831 3775 943 140 1301 1630
296 141 1654
297 142 2795
298 142 636 746
299 143 4067 2412 871 173 1712 1004 1795
300 143
301 143 2020
302 1418 144 1021 3838 1718
303 1823 707 339 308 2626 479 145
304 953 146 3036
305 3913 4249 1777 247 169 1402 1751 1458 146 585
306 146 1359 2562
307 2746 2176 1937 147 1254 2817 3283
308 147
309 147 3761
310 983 739 655 293 325 358 720 340 3146 1572 1953 674 1760 2425 2772 482 607 771 1158 1343 264 598 2839 1647 437 148 2368 580 541 433 1707 845 2222 1095 536 552 545 678
311 3116 2545 1642 633 148 2201 1141 2954
312 3092 3560 878 2720 1247 2458 314 892 465 1884 344 347 1190 2788 149 3381 452 2025 406
313 150
314 181 346 457 684 1458 1315 151 2145
315 4204 2437 2719 152
316 153
317 153 501
318 2817 957 2255 2499 3354 663 1309 154 378 897
319 154 1089 4063
320 154 3836
321 155 1918 1130 1754 2003 2515 1059 426
322 155 1425
323 156 2628
324 2544 2549 3731 156 2140 608 934 3635 529
325 1948 2289 2247 2766 1588 1752 157 361 1377
326 160 165
327 160 192
328 2836 2968 323 1761 2549 1675 2043 1471 396 3575 1103 161 474 2347
329 267 847 3899 740 780 3608 161 282 1549 3174
330 887 305 215 161 1634 2751
331 4317 3330 162
332 1934 1868 718 3818 2105 3530 3108 2225 162
333 3614 2362 3207 3988 3552 4009 162
334 163 577 1544 1370 2862 941 1078 1186
335 163
336 2514 164
337 2675 164 1898 2866 1234 2314
338 307 820 246 206 2501 441 943 1621 603 1794 318 288 763 165 534 724 2007 1975 500 926 406
339 355 2301 167 1412
340 3441 1976 167 3465
341 169
342 2633 1538 3256 3067 3085 1718 169 3240 1212 3161
343 170 522 2374 2644
344 170
345 170
346 716 971 1346 806 910 899 171
347 256 2790 2654 503 173
348 1198 174 2754 3011 1994 1078
349 174
350 174
351 175 1200 1287
352 175 2531 1696 2930
353 175 2555 1762 218 3471
354 2769 176 1850 3545 479
355 3654 2120 1065 2459 177 734 2431
356 177
357 178 331 2977 1827 870 1554 1597 2165 2986 1910 2988 1424 2038 640 1961 3620 1404 3501 772
358 179
359 514 179 1067
360 594 3295 3874 912 933 354 273 389 728 979 758 2912 1221 637 1103 464 859 402 703 224 2581 1375 2941 478 1892 1183 2787 773 546 1049 2016 2670 315 220 4236 952 180
361 182 2388 1378
362 1808 4152 183 1688
363 3376 184
364 4165 184
365 184
366 537 427 185 1240 1202
367 2070 1070 1650 185
368 3059 3708 186
369 1535 866 1369 1586 1255 341 186 229
370 187 2113
371 3881 3775 462 2440 4098 701 187
372 188
373 189 1507 279 742 2244
374 1008 461 1032 2576 1515 189 2730 392 2698 344 2279 371
375 1692 2252 1360 1813 190 2972 2731 201 2706 2359 1332
376 190 478 1943 1669
377 877 551 1005 1512 1530 210 1123 190 510 2831 3459
378 192
379 1697 1504 1619 1858 3196 1390 194 2652 2526 1047 1028 3318 1852
380 2052 1054 1427 194
381 3156 194
382 3525 1802 195 2604
383 3629 195 3671
384 1501 694 3370 1179 1011 2718 1720 561 1080 648 2296 3680 1608 3199 860 288 753 928 1843 2877 918 309 1101 1955 2022 3501 2441 324 197 946 2382 2637
385 691 682 1367 198 1661
386 199 631 933 3046
387 1654 203 1381 2808 1092
388 204 3410 2200
389 204
390 204
391 516 1139 2390 205 3699
392 4277 3560 3276 205
393 207 1905
394 2706 225 208
395 870 2473 209 1451 2071
396 3152 3718 209
397 210
398 210 2751
399 3393 1450 554 1797 1552 1761 211 1813 1388 2054 3077 1049 956 3374 2602 2073 529
400 4251 3783 211 1937 2990 4157 2860
401 1536 1368 302 432 212
402 1692 1978 2351 213 789 601 3248
403 213 2989 3417 2783
404 2120 2645 1564 213 2637 2377
405 2733 1685 788 215 2366 1369 1786 1033
406 3948 216 4008 3709 2067
407 1847 595 216 3141 1751 2922
408 1097 1876 1426 654 216 766 1556 3325 2573
409 323 246 397 1634 1987 217
410 218 1859
411 218 3135
412 219
413 2266 219 3006
414 3656 220
415 3819 290 220
416 291 977 957 3641 3693 221 838 1485 2003 2195 3023 1120 2772 1003 1996
417 3168 4071 1277 221 1500 1011
418 2060 2992 414 546 499 223 271 1964 1258 384 1362
419 2405 3021 2613 223 2982
420 225
421 554 305 866 1917 2677 3139 226
422 2480 3389 1983 1167 2999 896 1650 226
423 2217 2301 1228 227 3045 1577 1887 3974
424 227
425 227
426 228
427 228
428 228
429 587 3835 2390 787 2392 341 229
430 693 230 892
431 3126 423 2325 3381 1333 231 1510 3284 3066 232
432 233 3548 289 1503 674 826 3601 3653
433 234
434 234
435 2338 235 1497
436 237
437 237
438 237
439 2281 238
440 1951 2595 3633 1542 238 2658 706 1711 794
441 2799 590 240 243
442 2947 240 803 1010 414
443 240
444 241
445 241
446 241
447 242
448 932 242
449 243
450 2466 2576 244 1792 1820 1297 3169 1273 2085
451 2286 244 2692 2812 3503 4106 1559
452 244
453 3409 246 1809 2571 1462 3741
454 247 1010 3559 432 2971
455 704 247 1379 1212 932
456 512 1420 1303 3344 248 1464
457 1132 927 574 1772 718 1091 460 1044 249 579 1043 3360 1416 414 1880 1788 760 1045 2625 1196 435 921 3879 2172 1915 1059 657
458 249 1130
459 250
460 259 605 404 251
461 1282 251 2310 2470 404 2700 2890 1712 3215 1957 1154
462 3763 648 1139 2502 2676 3458 1063 2273 352 889 2973 3516 252 1970
463 2041 3322 3167 2317 834 306 3220 3679 252
464 3911 1741 1680 763 253 3660
465 253
466 2462 253
467 254
468 2410 255
469 255
470 255
471 3246 256
472 257
473 257
474 257
475 258
476 258 3039
477 260
478 260
479 261 2715
480 3721 1177 261 3619
481 261
482 262 3222 3129 1888
483 262 1538
484 263 1505 1566 360
485 264 4054
486 264 2599
487 265 332 1698 333
488 3789 3402 266 979
489 798 914 975 3052 1383 2481 1848 2086 2197 1861 268
490 268 973 2096
491 3222 1907 526 1854 269 3612
492 270
493 2888 3531 3994 688 2233 2180 3625 1007 1564 1573 3349 2728 2364 271 2401
494 3274 1552 1319 1649 562 2492 271 2825 2300
495 2448 3481 2467 3347 272
496 272 532 2819
497 3449 3974 273
498 1285 3494 2984 273
499 3971 275
500 1628 275 1266 1484 1037
501 2686 2824 1003 1080 1924 3540 436 1605 1787 726 444 426 1731 737 1532 715 3650 894 1502 3241 3266 276 965
502 548 2959 1730 857 985 376 3398 277 2779
503 2929 277 4100 1468
504 2026 278 1901 3773 2917 1914 1841 1650
505 2953 278
506 280 1017
507 280 740 3617 3224 583 2656 2401 802
508 3606 729 281 567
509 4146 1779 281
510 2371 2803 282
511 2569 282 2578
512 1065 1696 1059 1666 284 286 3160 1394 454 2446 1537 1023 1884 598 467 2519 2963 732 969 835 1317 930 347 1347 2741 1551 396 833 1049 1631 709
513 284 2701 4124 3420 2746
514 1744 284 2015 1524 650 2562 559
515 939 2311 285 2330 2441 2132 4161 2077 1780 2376 2411 2517
516 434 285 4296 3185 1994 2074
517 2843 2459 3443 1864 285 3924 2092 3055 2037
518 286 1724 2183 2684 1794
519 2041 1774 1826 2773 747 864 2195 2499 1118 1776 2686 4051 853 2498 770 823 697 1145 904 1306 1844 1257 1974 531 508 1717 621 2754 1800 1611 769 2053 1667 1842 1564 287 1186 608 2359 2853 2651 1509 1992 2198 1658 2249 1379 2505 2565 1253 2316 1427 1511
520 823 697 1568 1976 287 1001 3644 1756 1837
521 823 697 3533 888 3685 287 794 3235
522 288
523 885 2782 1566 2394 289 2720 4113 1994 3215
524 2736 838 289
525 1678 291 2625 1193
526 1561 291
527 2703 4113 292 1135
528 3064 1372 690 292
529 2161 2101 292 4219
530 844 1119 4047 293 428 1077 310 1306 1040 1168 981 1336 567 876 713 1264 1949 617 879 4229 2873 484 804 653 2505 3466
531 656 294 3816 3700 2395
532 2334 294
533 3642 295
534 2036 3452 295
535 537 2563 296 685 2059 2492 3354 540 701 2474 3616 1302 2817 433
536 2002 296
537 296
538 297
539 297 2939 3365
540 307 1156 2404 1764 3195 399 1283 1248 298 632
541 299 4295 3177 2330 3891 956 1476 2685 3352 1038 3563 2585
542 3815 299 1275 3539 1931 2030 2609 1896 1069 2767 2750 3175
543 300 1301 3164 1558
544 523 302
545 4007 2435 744 534 628 2820 723 302 1620
546 3688 2563 939 303 1716 2878 3178 3995 400
547 4036 303
548 2663 3464 303
549 1093 2555 1935 3054 1380 304
550 305 3008 1060 2352
551 3842 306 2605
552 3251 2295 306 2500 2323
553 307 4054 949
554 749 1232 1298 1996 3005 308 3750 3615 1205 913
555 309 3197 2611 3634
556 309 1708 350 2554
557 312 4091 841 2635 1026 4094 3889
558 312 2716
559 312
560 632 313
561 313
562 2490 2998 2966 2351 314 715 611
563 314 1236 1949 1667
564 315
565 315
566 316
567 316
568 4280 316
569 2944 3026 317 1052 1112
570 317 4058 973 3530
571 3430 317 2575 2830
572 318
573 320
574 320
575 925 999 1501 3052 774 3458 731 1838 1918 935 3680 4074 3169 3243 1697 1110 321 1081 2695
576 2843 4206 1399 694 3532 540 802 321 2158
577 1101 2445 3753 692 322 1399 3843 477 806 2287 2321 440 2696 393
578 322
579 324 2669
580 2041 809 2891 1884 1083 1720 1639 392 1402 2646 967 325 2732 2250 1011 2954 3308 666
581 1637 326 2023 2962 811 3042
582 326 3509 2651
583 733 326 500 714 971 811
584 1204 3456 1072 327 946 1700 824 1528
585 327 1785 1039 2276
586 327 1142
587 328
588 2480 3099 3056 329 1123 1943 1683
589 2820 2736 2796 330
590 920 330
591 331 2392 946
592 1222 332 724 854
593 2902 3391 1158 490 334 2959 1434 1105 3296 3219 4190
594 335
595 2833 2283 1787 699 337 3723 2585
596 2023 4173 337
597 2592 2781 337
598 2219 810 496 338 3364 2097 726 1553 4262 3878
599 339
600 407 2649 339 1531
601 340 1651 3399 536 505 2439 1998 1984 3308 607 2168
602 3761 3762 340
603 1635 2119 2276 1128 2803 1792 3522 2162 3871 3244 342 2061
604 2293 3762 1358 2312 1403 1179 1163 2335 342
605 342
606 343 1044
607 343 1520
608 1007 1013 345
609 347 2421 1551 3518 1586 3338 2990 3451 4236
610 348
611 348
612 348 1451
613 719 1277 349 2100 2799 1735 973
614 901 2466 551 349 676
615 501 350 856 813 2983 2541 2797 3025
616 350
617 640 1203 351 519 1038
618 351
619 351
620 661 4224 3370 3045 352
621 3979 352 369
622 1085 2714 609 721 727 2470 3265 581 1775 353
623 353 2944 1322
624 1277 355 1114 4089
625 355
626 1512 356 2958 371 2387
627 752 640 3707 1942 357 677
628 779 3594 1762 357 3221
629 1701 358
630 1710 1769 358
631 1744 359
632 1548 361
633 1703 1853 1852 361
634 4014 1727 3136 362 1084
635 1427 362
636 822 586 362 439 4054
637 504 559 447 2926 449 1546 2156 420 520 393 469 1891 364 477 525 539 919 365 1978 806 813 438 440 1084
638 658 364
639 3021 364 2926 449 3011 2377
640 1237 2098 1526 1158 3754 2165 1605 3537 366
641 1635 827 2141 1219 366 3679 1339
642 1410 367 2796
643 2298 2020 2489 367 772
644 2146 367 1245
645 368 1453 915 3082 1331 536 3070 3841 2477
646 1045 368
647 4210 3547 2510 369
648 1371 3502 369 2416
649 370 3922 3371 2812
650 370 3827
651 370
652 371 2216 4154
653 3089 2378 1069 3155 2526 373 969 585
654 1446 669 3275 374
655 486 374
656 374
657 3555 468 1865 1897 375 1494
658 2523 496 2357 375 3197 3175
659 376
660 1632 3676 908 1573 377
661 377
662 3322 1347 1401 462 4070 1120 2373 379 2218
663 3368 2514 4025 2196 379
664 706 853 1275 380
665 2547 381
666 381
667 382 2949 4158 664
668 2358 382
669 3928 383 4038 4190 2850 3427
670 3282 1719 1486 1828 2758 1193 2859 619 383 995 1813 1830 1187 3826 642 4005
671 2805 383 3646 856
672 3543 1262 3713 3570 1829 2732 3951 3886 384
673 1475 3267 2027 3294 674 384
674 3204 1678 385 849 3620 1990 1383 774 1911 3075 3623 4120 3976
675 386 2327 4333 731 1312 1550 1549 4188
676 386 3495 3129
677 387 3299
678 387 3809
679 491 388 1567 1909 1853 1703
680 2792 2306 3951 2715 2333 1615 667 446 2464 389 1104
681 389
682 2602 2071 1221 390
683 2702 391
684 394
685 394
686 394
687 395 2850 2220 2263
688 395
689 395
690 3051 397 2027
691 1326 2677 398 3666
692 400 2128
693 2116 1447 1860 929 1181 1091 898 2498 2955 1630 1376 2638 1575 1880 1750 2008 1086 2281 1705 401 3392 1992 1536 845 1267 1865
694 1197 3193 401 2054 2981 3464
695 3886 401 1738
696 812 628 1669 2913 504 2686 1046 1260 1645 770 1847 402 721 1401 2256 2242 880 2608 2744 3241 3002
697 2451 2435 1134 3646 2516 403 1141
698 2961 1920 1272 403 2490 2230
699 1146 3230 2190 3188 579 1971 834 1031 2823 2598 3897 405 2565 1127 3427 1104
700 405
701 405 3640
702 1847 1974 1125 2259 1539 407 1965 2300
703 2557 3182 3976 407 1689
704 2828 1108 982 795 408 3717
705 409 923
706 409
707 409
708 3183 1710 1133 2886 2054 1846 410 3541
709 2777 410 4208
710 749 686 741 412 1465
711 412
712 412
713 2076 413 2040 2760 2093
714 2203 413
715 413
716 4178 415 929 1570 1687 2389 1338 1346 738 3903 2507 3157 620 4300
717 415 3103 2918 2068 2670 4287 2535
718 415
719 704 1980 416 1670
720 416
721 1114 3050 3292 2141 2586 1622 417 2799 3616 3828
722 2640 417
723 1875 2617 417 2699
724 3421 2107 1042 418 3377 1389 1820 2867 3120 2373 2925 3263
725 418 3830 928 2288 1820 3491 2648
726 418
727 3481 419
728 419 1560 1498
729 3176 420
730 2442 2660 420
731 421 2475 3044 2038 1273
732 2413 2157 566 2311 3535 2581 421 1528 642
733 421 3355 3114
734 422 2936
735 423 2300
736 915 2985 424 1241 624
737 424
738 424 736
739 425 3926 3046
740 3994 3774 1509 827 3012 4093 2742 2213 727 3177 2321 1263 3536 675 1136 426
741 3180 3392 2457 468 1529 1762 1596 1680 1963 1553 429
742 430 3954
743 1949 431 1366
744 609 432
745 434 1294 2238 548
746 434 2878 3661 2567
747 437
748 438
749 438
750 439
751 3084 442
752 443 1492
753 4118 3544 1014 2528 444
754 445
755 445
756 2104 1610 1176 447 2645 734 2976 2095 2173
757 447
758 2066 693 3182 1292 1699 2821 2278 3822 3503 2971 2224 3559 448 2575
759 927 2522 2377 2745 448 1481
760 1831 449 1889 1838 1798
761 2587 1627 450 4081 2924 4287 3823
762 450
763 450
764 1934 4021 917 2515 451 2656 1704
765 1348 2714 3368 3166 3730 1854 647 826 451 2815
766 4290 3093 3812 1327 452 1308 2392 2543 2948 3839 489
767 452 1418
768 455
769 455
770 577 2078 1868 3613 2128 3360 717 2395 456
771 1358 1515 4154 1144 1221 1092 4223 2955 2713 2375 456 3765
772 3259 457
773 775 2785 724 507 2096 2250 458
774 2333 458 3198
775 458
776 459
777 460
778 460
779 590 461
780 463 3943
781 463
782 2296 2970 4059 2455 464
783 464
784 561 891 2705 4079 4135 2606 465 2430 2508
785 2963 465 3011 1112
786 4251 466
787 3585 3980 1633 467 1117 712 660 1760
788 1289 3280 467 1022 2801
789 3490 469
790 470
791 470 3840
792 470
793 471
794 471
795 471
796 472
797 472
798 473 1540 1607
799 473 1636 1477
800 4021 475 3686
801 1639 1370 475
802 475
803 4160 476
804 476
805 477 3359 1269 1848 3354 2582 2887 4175 3283
806 480
807 480
808 480
809 481 3089 3179 527 2378 2523 2619 896 1805 2501
810 481
811 4207 2068 1625 2474 482 2797
812 3462 3062 809 3132 3155 482 2921 666
813 483
814 483
815 1519 2147 3630 996 3216 1126 1947 2769 1924 3512 2461 4223 835 484 1743 957 503 2214 2660
816 484
817 1019 2591 485
818 3902 485
819 485
820 2004 486 1878 4307 1784
821 486
822 487
823 1851 2548 487 3528
824 488
825 488
826 488
827 490
828 3665 490 2974 1356 3174
829 2139 1296 3254 922 491 3308 4011 2352 789 4223 498
830 2521 491
831 1051 3181 492 3837 3237 2177
832 492
833 493
834 493
835 493
836 3704 2189 494 2561
837 4147 4214 494
838 494
839 495 3936
840 495
841 496
842 497 1095
843 497
844 497
845 498 3597 1310 1140 596
846 499
847 501
848 1891 2231 2509 1529 2271 1672 3300 502
849 1399 1099 504 1449 2877
850 505
851 4094 507 1067
852 2841 3949 507 2901 2402 2011
853 1242 508 4031 3072 1053
854 509 1378
855 2520 2559 509 2219 1432 4051 1034 2943 565 2834 2487
856 3835 3663 667 1856 510
857 3495 622 2081 511
858 2254 1697 3566 512
859 3726 2964 684 513
860 870 2012 513 1770 2753 1622 675 2242
861 513
862 515 1809 2228 2167 2979 2218
863 515
864 2513 3063 516
865 518 1246 3334 595 2371 4153 2030 1007 1796 1833 3771 2275
866 518 1189 692 2935 3758 4124 3522 4102 1329 2702
867 519 1803
868 519
869 520 1978
870 520 1779
871 1114 521 1694 2992 3000
872 521
873 521 3477
874 522 3580
875 704 522
876 862 524 891 912 552 2172 807 3657 680 2775
877 526 2108
878 527
879 527
880 3340 528 1620 1232
881 1524 528
882 2246 529
883 530
884 531
885 2012 2538 639 532 2612 3250 2055 3738 2700 3007 1929 2634 2387
886 2870 2607 2367 532
887 4065 2153 533 1234
888 533
889 533
890 1259 534 3132 994 2070
891 2253 3539 535
892 537 2140 2475 1384
893 538 2035 3117
894 3505 539 1683
895 539
896 3634 987 541
897 541
898 3412 542
899 3412 1870 2010 3191 3014 542 1468
900 543
901 543 1656
902 544 2991
903 544
904 545
905 547 2443 1323 2903 1419 3005
906 779 2231 548 3408 3122 3838 1494
907 549
908 2353 3707 2397 549 3619
909 880 1759 1260 550 2882 2391 1856
910 2762 1904 550 2319 4188
911 555 3299 1844 3783 2418 2442 1816 2938 2021 1424 781 970 1805
912 1664 2746 3424 4017 2519 3677 3518 3367 2890 2287 3312 555 2669 1464
913 3926 2725 2905 2865 1467 2226 4008 556
914 556 2108
915 2450 556
916 557 2541
917 2940 3419 558
918 1395 559
919 1522 1206 2432 2622 3910 2880 3632 560 2416 4076
920 2536 2542 560
921 1554 4055 561 2977 936 695 604 3023 2779 3532 1964 1785 2080 2391
922 570 1058 562
923 904 1343 3757 1485 3685 1160 2467 3349 562 4133
924 563
925 3154 563
926 563
927 2547 2655 672 564 2496
928 564
929 916 565
930 565
931 1137 1623 2171 566 2787 1967 635 2340 1896 1260 3516 1302 2449
932 566 635 1876 869 699 2706
933 567
934 568
935 568
936 568
937 570 2005 2873 1242 4051 3796 3593
938 3103 3608 3193 4025 4173 571 3312
939 571 3904 4306 2307
940 571 2064
941 572 730
942 572
943 939 1925 2758 4077 2160 1659 3227 2754 1078 573 1373
944 1042 1568 1424 2941 2928 2109 573
945 954 574 2783 1557 2625 869 1058 634 2152
946 575
947 575
948 576 1152
949 576
950 4276 3478 2092 580 3114
951 2611 3489 580 2030
952 2417 3297 3576 581 1578 1965
953 582 3326 1182 4106 1334
954 582
955 582
956 584 1518 3498 3101
957 1296 594 1723 584 2069 2313 2304 2425 3889
958 585 2303
959 586
960 587 1926 609 3134 1015 2564 2399
961 4245 2159 2267 748 959 732 2864 2251 1984 588 4188
962 1047 589 2207 1312 764
963 764 1312 589 1047
964 589
965 2733 2536 1008 2454 1603 1933 591
966 592 612 1956 4088
967 592 1806 4220 930
968 592 4277 4046
969 593 3898 2349 4190
970 595
971 3711 597 1000 1585 2214 2279
972 597
973 598 1900 1478 3686
974 599 4088
975 1849 2403 600 1913 2763 2188
976 601 3382 2391
977 3135 1004 2341 602
978 1962 602
979 603
980 3447 2616 4004 603 2212
981 604
982 604 3098
983 3123 605 1250 3575 3587 2831
984 2238 610 605
985 606
986 606
987 606
988 2215 607
989 610 1616 1143
990 2472 1467 2872 610 2982
991 865 1958 2049 2527 3024 2912 1118 2901 3034 3268 611 2225 3046
992 612 4138
993 3483 612
994 3112 613
995 1958 3564 735 1105 1322 613 2364 3527 1613
996 614
997 756 614
998 4015 2270 2793 1052 615
1000 616 1463 3743 3272
1001 4141 616 3895
999 616 2591 3079 1765 1777 1096 3195 3570 3211 2420
1002 1245 2368 1602 770 617
1003 3694 617
1004 618
1005 618 3296
1006 618
1007 2996 3618 2129 619 1263 848 1611 2973 1732
1008 3940 3552 621 3869 2798
1009 623 1694 2448 3901 4070 2871 1236 1317
1010 3669 623
1011 623
1012 1489 625
1013 625 3032
1014 3400 625 736 2934
1015 627 3025 2753
1016 2569 629
1017 1336 629 1017
1018 3364 630 2509
1019 2675 630
1020 3202 1696 3362 3604 2560 633 1090 1802
1021 2254 633 3024 3586
1022 1417 634
1023 1526 634
1024 1430 635 3017
1025 636
1026 708 1690 639
1027 641
1028 4227 643
1029 1204 3163 2849 644 771
1030 1351 737 779 1232 4081 644
1031 2005 2473 2915 2060 3559 645 2071
1032 645 2197 1472
1033 645 2005
1034 647
1035 649
1036 1475 1370 649
1037 3281 1240 4098 650 860
1038 651 2229
1039 3202 1772 3909 3837 651 3237
1040 1445 2775 651
1041 3154 2121 2008 652 2622 3416 1563 3306 956 766 1812 4260 2048 3941 986
1042 652 1552 1235
1043 652 3727 931
1044 2602 3325 653 2630
1045 653
1046 690 3168 654 3927
1047 2028 655 3261 2649 2955
1048 885 1359 705 1280 655 1792 4022
1049 656 2106 3542 2103 1259 2780 2006 1510 2711 3218 1294 2094 725
1050 2450 1869 3298 657
1051 2822 1722 2381 2384 659 2871
1052 737 2044 1071 659 2476
1053 2087 660
1054 2960 3100 1095 660
1055 661 1763 1815
1056 2115 662 2216 3138
1057 3476 662
1058 4027 3833 1547 2761 1029 1067 3537 3492 2196 663 961 2452
1059 2292 1165 1649 2261 1178 664
1060 664
1061 1803 1050 665 1046 858 860
1062 977 1429 665 1324 3978 1655 1382
1063 668
1064 668 2447
1065 668
1066 2594 669
1067 1536 669
1068 670 3694
1069 2595 671 1931 2352 1773
1070 4112 672
1071 1173 1030 673 4245
1072 675 3716 3090
1073 676
1074 1397 676 2014 2385
1075 1318 1292 1816 1068 679 1580 1472 2600 3266 2922 3105 3723 1957
1076 680 2689 3272
1077 680
1078 681 4314 2134
1079 681
1080 681
1081 682
1082 1968 2296 682 1367 3670 2126
1083 3127 683 751
1084 684
1085 4220 845 685 2822 2731 2752
1086 686
1087 687
1088 687
1089 687
1090 688 2083 3149 2433 2960
1091 1135 3664 2936 688 3065 2642 2877
1092 1201 1087 2548 689 3131
1093 690
1094 691 2764 2788 744 1952 1579 1781 1717 3896 3136
1095 692
1096 693
1097 2595 695 1400 1053 710 1126
1098 695
1099 1410 3230 2177 696
1100 698 3708 4008 873
1101 698 3062 2306 2701 2717 1184 3374 1736
1102 698 3373 3472 1228 3235
1103 700 2063
1104 700 1487
1105 700 4149
1106 1276 3569 4079 3485 702 2439
1107 3875 702
1108 703 4257
1109 703
1110 1085 1215 705 1105 3997 3410 4133
1111 705 3166 3363 1355 2956
1112 706
1113 707
1114 707
1115 991 2888 2806 708 3106 1786 1715 3694 1555 3969 986
1116 1149 709 1955 3836
1117 3154 2174 1590 2433 709 1725
1118 710
1119 2776 1574 3703 2336 710
1120 711
1121 1085 1840 2792 3021 1534 712 3613 2634 1645
1122 1806 3591 2451 2561 2192 3860 2348 2321 713
1123 3447 1319 1690 1286 2834 713
1124 2089 2493 1993 714
1125 716 1170
1126 1606 716 1170 2771
1127 1473 717
1128 717
1129 720
1130 722
1131 1934 3437 4218 1421 1144 1014 1704 3404 725
1132 2158 2538 3135 725
1133 1654 727 3920 3626 2130
1134 728
1135 3786 729 3747
1136 729
1137 730
1138 730
1139 1609 731
1140 735 3803 1053 3691
1141 735 2469
1142 736
1143 1227 1063 738
1144 1770 739 2984 867 1556 2365 1288
1145 752 2511 741 3339 1558 3383 1268 1400 1362 2348
1146 743 1725 2517
1147 743 3097
1148 743 1779
1149 744
1150 2286 1348 1117 4327 745
1151 1641 745 4198
1152 3170 3762 2678 2290 2266 862 839 746 1545
1153 746
1154 748
1155 749 3250 1282
1156 1115 750 819 3251 2305 2135
1157 750 882 825 2643 2745 4005
1158 750
1159 3541 751
1160 2079 1343 2608 1436 751 1364
1161 752 2012 2090 2836 2180 3506 3129 1895 1954
1162 753 1636 1230 1179 1344
1163 2927 3411 2487 754
1164 2451 4212 1667 1102 1517 1274 2600 2824 2320 754
1165 937 2520 2544 4057 4182 756 1551 1565 2749 1709 2237 4150 1983 3549 980
1166 756
1167 1814 1280 3276 3457 1361 846 757
1168 758
1169 759 900 3376 3816
1170 3126 2044 760 2015 1163 2122 3448 767
1171 761
1172 761 3411 2121 3728
1173 761 4089 2806
1174 762
1175 762 2621
1176 762 2159 1456
1177 3904 765
1178 765
1179 2423 3727 766 1515
1180 1603 767 2935
1181 1242 768
1182 768 1784
1183 768
1184 4075 1784 2316 832 769
1185 2116 771
1186 3172 775 2080 1695
1187 776
1188 776 2015
1189 777
1190 1889 777
1191 777
1192 778
1193 778
1194 3973 780
1195 3507 2506 781 3968 1001
1196 3162 782 872
1197 783 837
1198 2111 784 2773 907 2613 1525 2588 2250 1589
1199 784
1200 784
1201 2618 2426 1406 785
1202 4234 2360 785 4301 4070 3492 4177
1203 3924 4058 2965 786 3054 1459 1712 3723
1204 787
1205 787
1206 788 1660 3550
1207 788 2178
1208 790 3327
1209 963 791 3419 2009 2558
1210 1187 792 1633 1969
1211 792 2366
1212 2920 793 3128
1213 2472 793
1214 795
1215 795
1216 796 4088
1217 796
1218 2033 797
1219 797
1220 798 2207
1221 799 2088 2974
1222 799
1223 800 1218
1224 800 1064 2187 3522
1225 800 1708 3426 1322
1226 801
1227 801
1228 801
1229 2708 1968 2617 802 1780
1230 3292 3774 803 2463
1231 2988 2417 2816 3190 804 1752 2145
1232 804
1233 805
1234 805
1235 805
1236 2137 807 3424
1237 807
1238 808 1970 1969
1239 1533 1617 1131 1184 808 2970 1365 1894 2374
1240 809 2327 3797 3588 2282
1241 4283 2870 3040 810 2812 3268 942
1242 810 4150
1243 811 1002
1244 2542 2432 813 2138 965
1245 3334 814 1616
1246 814
1247 815 3306 1904 4029 980 1954
1248 3212 2458 816 1124
1249 2816 2082 1804 816 3890 2453 2553
1250 817
1251 817
1252 2466 3178 1827 2768 4311 2065 1995 818 4005
1253 4013 2970 2247 1407 818
1254 818
1255 820 3278 2186 3831 997 2211
1256 843 820
1257 962 2596 3285 821
1258 822
1259 991 822
1260 824 3869
1261 2513 1305 882 825 2400
1262 2516 4066 828 2145
1263 2445 2438 1547 2761 829 961 2648 3263 3527 2095
1264 2517 1464 3744 829
1265 1040 830 1525 3695 3720
1266 830 3939
1267 832
1268 833 1233
1269 2457 834
1270 3040 3625 4230 2908 835
1271 864 3283 1584 1496 836 2074
1272 2413 836
1273 2792 2946 837 3120 2942
1274 837 4181
1275 3753 2881 4191 1387 1842 838 3377 1364 2444 3612
1276 2104 2966 2179 840 1253 3475 4229
1277 3307 842 4282
1278 842
1279 842
1280 843 3754
1281 844 1368 2691
1282 844
1283 846
1284 846
1285 1351 2683 847 3540 1429
1286 2060 1679 2496 848 1735 2672
1287 848 3933
1288 3176 849 2657
1289 850 2018 1733 3101
1290 1215 851 1793 876 1304 1334 2945 1222
1291 851 966 3667
1292 851
1293 852
1294 852
1295 852
1296 3497 853
1297 854 3741 3229
1298 1506 3920 855
1299 3928 3188 2886 3922 2308 855 3327 2252
1300 1383 1344 856
1301 857 2385
1302 857
1303 859 3805 1989 2636 1715 2908 1037 4177
1304 3429 861 3660
1305 3585 864 2283 2256 2978 3474 1985
1306 865 3016 1133 1865 2278 3587 1625 2724 3300 1264
1307 1318 868
1308 868
1309 868
1310 869 1018 2418
1311 2302 1579 2284 871 2726 2110 2115 4139
1312 871
1313 4048 872 2596 2407 4068
1314 873 2479 2175 3706 2262 2305 919
1315 873 1952
1316 874 3627
1317 874 1153
1318 3422 874
1319 875 2274 3445 2420
1320 875 3670
1321 875 1538 3085 3240 3857 4053 3710
1322 1975 4107 1065 3340 876 2629 2355 1916 2862
1323 877 2659 3301 1281 1543 2191 3171 2995
1324 2007 3847 3047 878
1325 879 2362
1326 879 2113 2184
1327 1305 882
1328 883
1329 883
1330 883
1331 3578 2998 886
1332 3627 2205 1412 887
1333 888 2879
1334 2160 4029 3253 892
1335 3413 893 3264 2055 3738 1409
1336 893 2455 3598
1337 894
1338 896
1339 1396 3785 897
1340 900 1082 2272
1341 900 2947
1342 901 3203 1993 2570 2887 2202
1343 3918 3105 902
1344 903 1449
1345 903
1346 903
1347 905 2013
1348 905 4273
1349 906
1350 3664 4011 907 2173 1151 2295
1351 907 2847
1352 1042 1823 2409 908 2096
1353 2988 2556 909 3508 4120 3974
1354 911
1355 911
1356 911
1357 912 2205
1358 3983 1958 914 1170
1359 2647 4077 916 4241 3739
1360 1321 916
1361 920 2429
1362 920
1363 3360 2090 921 2502
1364 2969 1197 2169 922 3450 1338 1081 2125 2876 4200 1349 947
1365 3928 2359 2285 923
1366 925 1726
1367 3797 926 2826
1368 927 3095
1369 928 2669
1370 1437 3788 3856 2951 930
1371 1486 1245 3257 2299 931 2933 3404 4175
1372 2920 931 2159 958 959 1645 1317
1373 1216 932 1388 2350
1374 3576 984 934
1375 1646 936 3948 2644 2994 1422 2488 3330 3397 2539
1376 938
1377 938
1378 1115 4183 2087 942 3681 947 1738
1379 943
1380 3804 3703 3719 1283 944
1381 945
1382 945
1383 945
1384 3532 3963 947 1363
1385 948 2021 2427 3007 3098
1386 948
1387 1213 1438 949
1388 3031 1469 950 2589
1389 950 2433
1390 2151 951 2383 3245 1553 1288
1391 951
1392 951
1393 1166 952
1394 3656 952
1395 1841 953 3326
1396 953 1664 1624 2753
1397 1505 954
1398 4140 1181 4019 2690 955 1308 3477 1830
1399 958
1400 959 3683 3412 2027
1401 1733 3605 3274 3931 1851 1607 960 3156 3493 2554
1402 1082 1439 961 2780
1403 2272 962 2527
1404 3506 963 3885
1405 963
1406 1203 964 4052 3004
1407 2851 964 1895
1408 966 1651
1409 1975 3605 1278 2936 3480 3733 1083 2641 1747 3065 1365 967 2952 3049
1410 3210 2453 968 2930
1411 4270 969 3406
1412 3213 1849 1676 3819 970
1413 970
1414 971
1415 2226 972
1416 972
1417 974
1418 3210 974
1419 974
1420 975
1421 976
1422 976
1423 976
1424 2747 977
1425 3986 2079 3323 979
1426 3010 4076 980 2589
1427 3603 1367 2373 1957 981
1428 981
1429 1017 982
1430 982
1431 983 3709 1079
1432 983 3689 3623
1433 984 3594
1434 984
1435 1593 1345 3167 990 1580 985 1354 2119
1436 2522 3916 1304 985
1437 3542 986
1438 1811 2785 988 3595
1439 988
1440 989
1441 989 4319
1442 989
1443 3814 990 3396 1503 1484 1728 1594 1279
1444 992
1445 992
1446 1181 2361 994
1447 996
1448 998
1449 998
1450 998
1451 1000 3756 2703 1451
1452 3766 1001
1453 3596 1002 2074
1454 1005 2896 3749 3347 1458 3171
1455 3208 1005
1456 3677 1006
1457 1006 2459 1747 2709 3736 2431 1326 3605
1458 2024 2827 1009 3303
1459 2853 1009
1460 1960 1009 3444 3396
1461 3511 1012
1462 1015 1616
1463 1015 3574
1464 2802 1018
1465 3261 3938 1018 1298
1466 1019
1467 1020 2847 1912 1945 4035 3829 2537 3199 2113
1468 1020
1469 1021 1591
1470 1023 1530 2558
1471 3540 2584 1471 1024 1767
1472 1024
1473 1025 2376
1474 3357 2169 1025 3831 2450 3596
1475 2917 1026
1476 3581 1027
1477 1027
1478 2559 1060 1029 2045 1609
1479 3357 1098 3346 1030 3159
1480 1031 2624 2849 2859
1481 1032 3639 2820 2787 2447 3770 2752
1482 2909 3060 4309 3926 3940 4206 1544 1033 4172
1483 1034
1484 1035 2170
1485 1036
1486 1036
1487 1036
1488 2948 1037
1489 3512 2232 3457 3650 3610 1038 3191 1885
1490 2521 3521 1039 1073
1491 1039
1492 1041
1493 1041
1494 1041
1495 3429 1043
1496 1043
1497 3097 1836 1353 4330 1046
1498 1048
1499 1048
1500 1946 1895 1050
1501 2763 1050
1502 3904 1200 1051
1503 1051 1534
1504 1052 3521 4123
1505 1167 1054 4143 3297
1506 1176 2764 1952 2693 2510 1055 1929
1507 3224 1055 1937
1508 2010 1581 1056
1509 1056
1510 4322 1056
1511 1057 2241
1512 2353 1060 3203 3853
1513 3091 3920 1061 3780 2133 3877
1514 2546 1062
1515 1063 2115 2152 3392 3133
1516 3879 3378 1066 1508
1517 1066
1518 1068
1519 2784 1068
1520 1631 1069 2717
1521 2720 1070 1415
1522 1071
1523 1071 4147
1524 3421 3146 1072 3768 1729 3975 3008 2698 2494
1525 1072 3387 2650
1526 3617 1073
1527 3488 1073
1528 2050 1669 3418 1074 2664
1529 1075 3691 3803 3147 3796 2869
1530 2036 1076
1531 2873 4114 1944 1077 1468
1532 1077
1533 1407 1079
1534 2077 1082
1535 1083
1536 1160 1771 1084 2016
1537 1086 3006
1538 1087
1539 1136 3015 2209 1088
1540 3544 1936 3784 4074 1088
1541 4038 1088
1542 1089
1543 1089
1544 1090
1545 1090
1546 2512 2171 1092
1547 1093
1548 1159 1093
1549 1096 2599
1550 3688 1097 1358 1168 2209 1311 1771 3847 3145 1274 2981 1373
1551 1097 4286
1552 1098 2156 3179 3201
1553 1098 2781
1554 3068 1099
1555 3495 1099
1556 1100 2236 2896 2380 2919 1631 2914 3536 2868
1557 1100
1558 1100
1559 1102 3747
1560 2905 3846 3394 1103 1887
1561 1107 3733 2055 2952 4262
1562 3654 2206 1107 2804 3250 2632 1921
1563 1108 2842
1564 1109
1565 1109
1566 2832 3348 1110 2839 1304 1272 3265 2526 1950
1567 1111
1568 1111
1569 1111
1570 1122 2717 3535 1112
1571 1113 1601
1572 1113 1883
1573 1113
1574 1115 1737 4027 1716 1480 4182 2918 2925 1963 2503
1575 1962 1799 4072 1982 3925 1116 1845
1576 1119
1577 1945 1119 4229 1161
1578 1121
1579 1121
1580 1121
1581 2028 3184 3030 3069 1668 1122
1582 1428 2130 1124
1583 3242 3786 1125
1584 1384 1128 4073 1328 2045
1585 1742 1129
1586 1129 2308
1587 1129
1588 1131
1589 1132 1815
1590 2997 1132 3471 3543
1591 1133
1592 4210 1391 1134
1593 3247 1135
1594 1136
1595 2923 2643 1137 3441
1596 1137 3701 3814 3937
1597 1495 1603 1138
1598 1138
1599 1627 1140
1600 1141
1601 1142
1602 3019 1420 4252 1261 1143
1603 2892 1143
1604 3126 1146 2184 3118 3684 4084 1682 2470 1149 2348 1290
1605 1147 1498
1606 1147
1607 1307 1313 2828 1148
1608 2828 4324 1148
1609 1149 1567 3810 2202
1610 1617 1150 1233
1611 1686 1150
1612 1673 2757 1151
1613 3500 1560 1151 3332
1614 4127 1152
1615 2036 1153 2460
1616 1155 1270
1617 1155
1618 1155
1619 2423 1156
1620 3267 3746 1541 1157 3595 3307 3719 3626
1621 3913 1157
1622 1157 3574
1623 1159
1624 1159
1625 1161
1626 2874 1161
1627 1164 2455
1628 1164
1629 1165 1178
1630 2393 1165 2016 1459 2261 1178
1631 1171 3194
1632 1171 4028 2263
1633 1171
1634 1928 1172
1635 1172
1636 1173 4116
1637 1174
1638 1175
1639 1175
1640 1175
1641 1177 2258
1642 2607 1185
1643 1187 1537 2501 1890
1644 1188 2687 2581
1645 1188 2755
1646 3322 1189 3351 2408 2594 2952 3165
1647 1833 1190 2983 2879
1648 2583 1193
1649 4161 4274 1194 3114
1650 1194
1651 1194
1652 1195 2079 1487 3664 4071 3980 3178 3095 3265 1272 1508 2974 2100 2541
1653 1197 2193 1694 1647 1953
1654 1598 1198
1655 3027 1198
1656 1199 3708
1657 1199 2174 2780
1658 1199 3781
1659 1201 2355 3510
1660 1201
1661 2655 2088 1925 1202
1662 1204 1486 2089 1280 2493 3778 3663 3404 3128
1663 1206
1664 3938 3772 3983 4101 1207 3398 2402 2620 2672 3388 1655
1665 1209 1374 2916
1666 1210
1667 1210
1668 3998 1211
1669 1211
1670 1211
1671 1213 3842 1964 2275 1511
1672 1390 1214
1673 3611 1574 1214
1674 4322 1216
1675 1565 2897 1580 3234 4287 1217
1676 1217
1677 1217
1678 1969 2083 2975 1219
1679 1220
1680 1220
1681 1220
1682 1290 1224
1683 1224
1684 1224
1685 1227 2786 1225 2356
1686 3083 1225
1687 1225 1656
1688 3507 2068 3485 1226 2474 2411
1689 1362 1226
1690 1229
1691 1229
1692 1229
1693 3176 1577 1230
1694 3526 1230
1695 2073 1231
1696 1449 1233
1697 3107 1235
1698 1237 3321 3779
1699 3284 2205 1238 2556
1700 3561 1238
1701 1238 3925
1702 1239
1703 1239
1704 1239
1705 1240 2924
1706 1243
1707 3659 1243
1708 1244
1709 1244
1710 1244
1711 1279 2624 1246 4247
1712 3884 1247
1713 1757 1247
1714 1248 3289
1715 1248
1716 1249
1717 3290 1250 3234 2750 3184 3961
1718 2106 1250
1719 1253 3854
1720 4111 1254 3009
1721 3526 1255
1722 1255 1465
1723 1256
1724 3107 1562 4057 1257 2772
1725 4084 1641 2021 3406 1258
1726 3916 1258
1727 1863 3906 1259 2947 4037 2150
1728 1558 1806 1261 3684
1729 1264
1730 1974 1475 3609 2854 1265
1731 2521 3591 4007 1266 2518 3177
1732 2226 3890 1266
1733 1387 1268 2147
1734 1269
1735 3565 1269
1736 1270 2723 2668
1737 1270 3291
1738 1271 3385 2383
1739 1271
1740 1271 1390 2429 1643
1741 1273 4212
1742 1274 2539
1743 3037 2262 1275
1744 3548 3668 1279 2329 2446
1745 1281 4310
1746 1282 3281 3995 3395
1747 2082 3617 3220 1284 2262 1283
1748 1284 3104
1749 2051 1284 2267
1750 1285
1751 1286
1752 1287
1753 1288
1754 2107 1289 2464
1755 1289 3773 3385 3045 2940
1756 2169 1291 1912 2427 3042
1757 1291
1758 1291
1759 1292 3672
1760 1307 2811 1293
1761 1293 3862 2811 2245 2269
1762 1294 1494
1763 1295 3061
1764 1469 1296 3030 1938
1765 1299
1766 1299
1767 1299
1768 1300
1769 1300
1770 4215 1300
1771 1301 3899
1772 2424 1302
1773 1303
1774 1303
1775 3676 1305
1776 1307 3029
1777 2774 1309
1778 3843 1310
1779 1310 2889
1780 1566 1311
1781 1313
1782 1313
1783 1315 4115
1784 1316
1785 1316
1786 1316 2239
1787 1928 1356 2537 1318
1788 1320
1789 1320 2537 3585 3071
1790 1320 3700 2910
1791 1321 4305
1792 2841 1321 3223
1793 1324 3356 2696
1794 2996 1811 3130 2423 1325 2528 3284 2704
1795 1325 3108 2818 3547 2456
1796 1326 3137
1797 1327
1798 1328
1799 1328 3504
1800 1329 3313
1801 1330
1802 1330
1803 1330
1804 1331
1805 4110 3878 3829 1331
1806 3760 1332
1807 1333
1808 1333
1809 1335
1810 1335
1811 1336 2635
1812 1337
1813 1340
1814 1340
1815 1341 2253 2680 3333
1816 1342 2800 2125
1817 1342 2576 2302
1818 1347 2210 1493 2588 2135
1819 3357 3348 1348 2709 3049 3000
1820 3596 1349
1821 1350
1822 1684 1350
1823 1350
1824 1352
1825 1352 2636
1826 1352
1827 1353
1828 2800 2676 2314 1353
1829 2243 1359
1830 1360
1831 3732 3879 2510 3088 3623 1361 2921
1832 1361
1833 2671 2294 3702 1491 2427 1363
1834 1363
1835 1366
1836 1366 3029
1837 2235 3204 3238 1368 2400 3014 2067 1423
1838 1661 1369 2863
1839 1371
1840 2292 1371 2189 4124
1841 1372 3407
1842 1525 1882 1372 4149
1843 1375
1844 1376
1845 1948 2289 2766 1588 1503 1752 1377
1846 1377 1588 2289 1948
1847 1379 1504
1848 1382
1849 1384 1500 2948 3631
1850 1903 1737 1385 1647 1953 3536
1851 1385 3639
1852 1385
1853 3433 3970 2004 1386 2257 2937 3439 1878 1491 2696 2573 2452
1854 2741 1620 1565 1388
1855 3264 1392
1856 1394
1857 1395 1746
1858 1397
1859 1397 2461 3423 3197 2784
1860 2530 1398
1861 1402
1862 1403 3070
1863 1403 3070
1864 1530 2084 1405 3973 2037 3221
1865 1405
1866 2432 2774 1407
1867 3693 1408 2219
1868 2671 1408 1581 1674 1671
1869 1408
1870 2251 2572 1409
1871 1409 3931
1872 1411
1873 2943 1411
1874 1411
1875 1555 1412
1876 1413
1877 1908 1413 2892 3408
1878 1413
1879 3080 1414
1880 1414
1881 2166 1414
1882 1415 3145
1883 3742 1415 2558
1884 1419 1834
1885 1420
1886 1421
1887 2818 1421
1888 3554 1422 3711
1889 1423
1890 2089 3413 1425 3138 2525 2921 2554
1891 2059 1425
1892 1426
1893 1428 2434
1894 1428
1895 1429 4096
1896 1862 1430
1897 1431 1599
1898 1433
1899 1433
1900 1433
1901 1434
1902 1436 3373 3055 2128
1903 1436
1904 3373 1437
1905 1437
1906 2782 2878 1547 2761 2022 1438 2259
1907 1508 1438
1908 1533 2059 1440 3187 3425
1909 3348 2864 1440
1910 1440
1911 1441
1912 2491 1441
1913 1442 2975 3155 2653
1914 2353 1600 1443
1915 3557 1444 2606
1916 2856 1444
1917 1445
1918 1445
1919 1446
1920 4248 3771 2535 1448
1921 1448
1922 1448
1923 2514 1452 2035 1604
1924 1453 3028 3687
1925 1453
1926 3994 1637 4195 1844 1851 1484 3145 2971 3606 2430 1455
1927 1455
1928 1455
1929 1456
1930 1457
1931 1460
1932 1460
1933 4032 2953 2722 2646 1461 3287
1934 1461
1935 1461 2919
1936 1463
1937 1467
1938 1469
1939 1470
1940 1470
1941 1470
1942 3026 2129 1543 1807 2774 1472 2488 2990 2490 1857
1943 1473
1944 1473
1945 1474 2857
1946 2759 3842 2232 1753 1476 3287 3516 3563 1604
1947 3673 1477
1948 1477
1949 1478
1950 1479
1951 1479
1952 1479
1953 2525 1481
1954 2437 1481
1955 1681 1483 2661 3752
1956 1483
1957 1483
1958 1488
1959 1488
1960 1488
1961 1489
1962 1489
1963 3850 1490 3598
1964 1606 1490
1965 1490
1966 2421 1933 1491 2058
1967 1492
1968 2241 1493
1969 3963 1493
1970 1495 1842 4228
1971 2777 2852 1497 1979
1972 1498
1973 1499 3459
1974 2007 2834 1502
1975 4118 1502
1976 1505 3757 3075
1977 1506 2969 2986
1978 1618 1512
1979 3381 2715 3943 1513
1980 3480 1513
1981 4184 1514 3949 1900 2789
1982 1514
1983 1514
1984 1516 3588 4244 3671 2965 1787 2634 3821 2244
1985 1516 1805 2192 1748
1986 1517 1755 3709
1987 1518 2011 3644
1988 1518 2182
1989 1855 2142 1519
1990 1521
1991 3270 1521
1992 1522 2898 4247
1993 1523
1994 3097 1526 1823 3379 2626
1995 1879 3641 1590 1528 1981 3667
1996 1531
1997 3558 1782 1531 3804
1998 1535
1999 1922 1788 2046 2183 2826 1540 2973 2731 2830
2000 1541 3600
2001 1541
2002 1545
2003 3618 1545
2004 3421 1546 3338 4236 3989
2005 2809 1557 4174
2006 1561
2007 3603 2046 1562
2008 4134 1562
2009 4113 1563 4191
2010 1567
2011 1568 2069
2012 1571
2013 1571
2014 1571
2015 1572
2016 1703 1574
2017 1575 2699
2018 3881 1576
2019 3091 3260 1615 2580 1577 1657
2020 2282 1578 3434 3657
2021 3715 1753 2370 1578 3372
2022 1927 1582
2023 1582 4032
2024 1582
2025 4185 1583
2026 1584
2027 1584 1705
2028 3564 3278 1587 3420 2498 3776
2029 1589
2030 1589 2793
2031 1590 1981
2032 1591 4052
2033 1591
2034 2531 1592 2723
2035 1592
2036 1592
2037 2139 1799 2497 1594 1845 3248 2995
2038 3068 1595
2039 1595 1971 4237 2161 3375
2040 1596
2041 1596
2042 1597
2043 1702 1597
2044 1598 3825 2561 2582
2045 2804 4151 1600
2046 4224 2741 2361 2661 1600 1998 1808
2047 2103 1601
2048 1601
2049 2950 1602
2050 3434 2381 1605
2051 1606
2052 1607
2053 1608
2054 1608
2055 1610 3385
2056 3082 3443 1612 4227 1611 3247
2057 1612 3550 3101
2058 1612
2059 3356 3454 1613
2060 1614
2061 1614
2062 1614
2063 3331 2334 3599 1619
2064 3463 2249 1621 2519 2958
2065 1623 1763 2487
2066 3127 1909 1623
2067 1624
2068 4249 1625
2069 1626
2070 1626
2071 1628
2072 1628
2073 1840 1828 1629
2074 3702 1629
2075 4283 1629 2678 4237
2076 2151 3720 1634
2077 1635
2078 4017 1638 2556 2980 3474
2079 1638
2080 1658 3217 1639 2698 2218
2081 1640
2082 1640
2083 1642 2629
2084 2630 1643
2085 2066 1648 3123 3496 3968 2732 3821 3323
2086 2841 1648 4244 4282 3643
2087 1648
2088 1649
2089 1926 2635 1651 2378 4027 2803 3481
2090 1652
2091 1652
2092 1652
2093 3869 1653 2220
2094 1656
2095 1657
2096 1657
2097 1658
2098 3146 1659 2247
2099 3223 1662
2100 1663
2101 3057 1663
2102 1663
2103 1665
2104 3028 3325 1665
2105 1922 1668
2106 1670
2107 1670
2108 1672
2109 1672
2110 1673
2111 1673 2000
2112 1674 1814
2113 1791 1674 1998
2114 1676
2115 1677 3228
2116 2460 1677
2117 1679
2118 1681
2119 1681
2120 1682
2121 1684
2122 1684 1941
2123 1685
2124 2613 1687
2125 1687 2389
2126 3680 2350 1688
2127 1688
2128 2322 1689 2356
2129 1689
2130 1690
2131 1691
2132 3231 1691
2133 1693 3716
2134 1693
2135 1693
2136 1698
2137 1699
2138 1699
2139 1700
2140 1701 2057
2141 1701
2142 2010 1702
2143 1705
2144 1706
2145 1709
2146 1710
2147 1711
2148 1711
2149 1713 2165 2032 2729 3545 2379
2150 1714
2151 1714
2152 1714
2153 1716 1911 2566 2672 2356
2154 3084 1718
2155 1719
2156 1719
2157 1721 4218
2158 1721
2159 1721
2160 1722
2161 1722 4136
2162 1723
2163 3008 3344 1724 2880
2164 1725
2165 1726
2166 2767 1728
2167 1730
2168 1730
2169 1731
2170 1731
2171 2061 1732
2172 2533 2723 1732
2173 1733 2139 4130
2174 4071 2385 3632 3034 1734
2175 2124 2416 1734
2176 1735 3739
2177 2266 1736 1810
2178 1736 3378
2179 1739 3924 3236
2180 1740
2181 1740
2182 1740
2183 1741
2184 1741
2185 3733 2674 3483 1742 2497 3547 1929 2960
2186 1743 2906 3555
2187 2593 1743
2188 1745
2189 1745 3078
2190 1745 2875
2191 2915 1746
2192 1746 3064 4269 2284 1904
2193 1748
2194 3183 1749
2195 1749
2196 3697 1749
2197 1751
2198 2583 1753
2199 2832 1754 3945 4230 3347
2200 1755
2201 1755
2202 1756
2203 1757 2065
2204 3903 1757
2205 1758 3551
2206 1758
2207 1758
2208 2210 1759
2209 1763
2210 1766 3699
2211 1766
2212 1766
2213 3688 3262 3918 2426 3963 1767
2214 1768
2215 1769 4275
2216 1773
2217 1773
2218 4135 1775
2219 3016 1777
2220 1778
2221 1778
2222 1778
2223 2257 1780
2224 1959 1781
2225 1782
2226 1951 1783 4067
2227 1783
2228 1786 3405
2229 1789 4123 3748
2230 1789 2273
2231 1790 3043 2875 3502 2728
2232 1790
2233 1790
2234 1791 2920
2235 1793 2730
2236 1794
2237 3093 2125 4160 1796 4167 2230
2238 2765 1796
2239 1797
2240 1797
2241 1801
2242 1889 3455 1801
2243 1802
2244 1945 1804 1991 4276
2245 2766 1807 2978
2246 3122 1809
2247 3989 1810
2248 1812 4235
2249 2138 2545 1815
2250 1816
2251 4225 2882 1817 2259
2252 1817
2253 1819
2254 1821
2255 1821
2256 4215 2543 1822 4317
2257 2946 4269 1822 2566 4098 3850 3329
2258 3461 2962 1824
2259 1824
2260 1825 2618
2261 2051 1825 2127
2262 2358 1825 3625
2263 2957 1826
2264 1826
2265 2693 1828 4013
2266 1830 2313
2267 3490 1831 2883
2268 3761 1832 3751 4267 4087
2269 3504 1833
2270 1835
2271 1835
2272 1835 2434
2273 3515 1836 1863
2274 1836 3647 2380
2275 2064 1837
2276 2745 1837
2277 1840 2393
2278 1845
2279 1848
2280 1850
2281 3815 1852
2282 1853
2283 1962 2291 1854 4129 3199 2695 3955 2018
2284 1857 1906
2285 1858 2361 2938
2286 1858 4176
2287 1859
2288 2566 1861
2289 1862 2927
2290 1864
2291 3624 1866
2292 2142 1899 1866
2293 3654 3915 3533 3569 1867
2294 2945 3899 1867
2295 3996 1867
2296 1870
2297 1870
2298 1871
2299 1871
2300 1871
2301 3353 2665 1872
2302 1872
2303 1872
2304 2345 1873
2305 1873
2306 2176 2328 4125 4126 2940 1874
2307 3676 1874 3811 2788
2308 1875 3811 3956 3945
2309 3685 1877
2310 3121 2627 1877
2311 3121 2627 1877
2312 1879
2313 1879
2314 1881
2315 1881
2316 1881
2317 2293 1882
2318 1882
2319 1883
2320 1886
2321 1886
2322 1886
2323 2222 2697 1888
2324 1891
2325 3010 4173 3773 1892
2326 1893
2327 1893
2328 1893
2329 1894 2578
2330 4277 1896
2331 2107 1897
2332 1897
2333 1898 2676 2999
2334 3120 1899
2335 2146 1901
2336 1901
2337 1902 2628
2338 1902
2339 1902
2340 1903 3764 3615
2341 2967 1903
2342 1905
2343 1908
2344 1908 2123
2345 1909 2362 4194
2346 1912
2347 2333 2320 1913 3907
2348 1913
2349 1916 2986 3759
2350 1916
2351 4248 1919
2352 1919
2353 1919
2354 4112 1920
2355 1921
2356 2726 1922 2436
2357 1923
2358 1923 4017
2359 1923
2360 1925
2361 4181 1926
2362 1927
2363 1930 4324
2364 1930
2365 1930
2366 4317 1931 3996
2367 1935
2368 1935
2369 1988 3092 3271 1936 3394 3606
2370 1938
2371 3083 2513 1939
2372 1939
2373 1940
2374 1940
2375 1940
2376 1941
2377 1941
2378 3813 1944
2379 2512 3725 1944
2380 3267 1954
2381 1956
2382 1959 4315
2383 1960 3880
2384 4075 3109 2258 2825 1965
2385 1966
2386 1966
2387 1966
2388 1967 2721
2389 1968
2390 3365 3469 3067 1973 3601 2376 3355
2391 1973
2392 1973
2393 1977
2394 1979
2395 1980
2396 3768 1982 3488
2397 1982 3488
2398 1986
2399 1986
2400 1987
2401 1987
2402 1988 3485 2942 2835
2403 3758 2674 1989 2382 3298
2404 1989 3467
2405 2756 1991
2406 3463 1991 3156
2407 3985 1993
2408 2220 1996
2409 1997 4142
2410 3772 1997 3800
2411 1997
2412 2902 1999 2357 3400
2413 1999 3950 4024
2414 2615 2000
2415 2000 3574
2416 2001
2417 4111 2001 3691
2418 3556 2001 3039
2419 2002 2738
2420 2003
2421 2072 2006 2430
2422 3148 2009
2423 2011
2424 2013
2425 2013
2426 2014
2427 2017
2428 2438 2019
2429 2019
2430 2019
2431 2298 2020 2489 2152 2223
2432 2684 2022 4315 3338 3451
2433 2469 3444 2023 3193 3727 4046 3227 3235 2713 2797 3941 3303
2434 2421 2025 2381
2435 2031
2436 2644 2031
2437 2031
2438 2033
2439 2035 2668 3865
2440 2038 3071
2441 4141 2039
2442 2339 3933 2039
2443 2040
2444 2040
2445 3402 2042
2446 3211 2042 2264
2447 2043
2448 2047
2449 2047
2450 2047
2451 3119 2048
2452 2048
2453 2117 2049
2454 2051
2455 2056 2601
2456 2056
2457 2057
2458 3059 2876 4158 2058
2459 2551 2058
2460 3060 2564 2063 2637 4252 3602
2461 2063
2462 3578 2701 3147 2869 2065
2463 3799 2069 3959 3796 2418 2476
2464 2325 2070 3610
2465 2072 4222
2466 2956 2072
2467 2858 2075 3436
2468 2858 2075 3436
2469 2858 2075 3436
2470 2076 3866 2760
2471 2076
2472 2077
2473 2078
2474 2836 4140 4321 3449 2080
2475 4241 2081
2476 3822 2786 2084
2477 2085
2478 2085
2479 2580 2086
2480 2086
2481 2087 2150 4231
2482 2088
2483 2091 3316
2484 2310 2092
2485 2093
2486 2093
2487 2098
2488 2445 2481 2098
2489 2809 2099
2490 2099
2491 2099
2492 3914 2100
2493 2161 2101
2494 2101
2495 2102
2496 2917 2103
2497 2105
2498 2105
2499 3918 2106
2500 2108
2501 2109
2502 2111 3734 2148 2223
2503 2112
2504 2112
2505 2112
2506 2114 3000
2507 2118
2508 4193 2118
2509 3923 4107 4036 2119
2510 3801 3779 2121 3705
2511 3584 3309 2856 2122
2512 4116 2123
2513 2123
2514 2833 2124 2652
2515 2126
2516 2127 3136
2517 4125 3850 2132
2518 2141 2132
2519 2134
2520 2134
2521 2319 2135
2522 2136
2523 2861 2136
2524 2136
2525 3702 2137 4115 3681
2526 2697 2138 2835
2527 2142
2528 2962 3875 4037 2143
2529 2143
2530 2144
2531 2146
2532 3826 2147
2533 2148
2534 2149 2311 3670
2535 2149 3705
2536 2149
2537 2154
2538 2154 3557
2539 2155
2540 2793 2227 2162 2475 3556 3474
2541 2163
2542 2163
2543 2163
2544 3179 2164
2545 2659 2164
2546 2166 3929
2547 2304 2810 2168 2592
2548 2540 2168
2549 4238 2170
2550 2171
2551 2172 3508
2552 2174
2553 4184 2175 3303
2554 2177
2555 2181
2556 3225 2181
2557 3950 3579 2181
2558 2185
2559 2185
2560 2186
2561 2186
2562 2188
2563 2188
2564 4119 4131 2189
2565 2998 3359 2190
2566 2190
2567 4096 4174 2192 2835 3298
2568 3087 2194 3125
2569 2195 2473
2570 2196
2571 3310 2197 2631 2801
2572 2198 3978 3863
2573 2199
2574 2199
2575 2199
2576 2200
2577 2200
2578 2297 2398 3467 4125 2202
2579 2203
2580 2203
2581 2204
2582 2204 4193
2583 2204
2584 2700 2206 2764 2632
2585 3323 2207
2586 2208 2722 4022 2935
2587 2208 4221
2588 2209
2589 2210
2590 3923 2211
2591 3115 3286 2212 2666
2592 2217
2593 2217 4134 3033
2594 2221
2595 4200 3946 2223
2596 2227
2597 2227
2598 2229
2599 2229
2600 2233
2601 2233
2602 2235
2603 3736 2236
2604 3533 2238 3320 3004 4252
2605 2239
2606 2239
2607 2240 3291
2608 3422 2240
2609 2240
2610 2241
2611 3164 3833 3818 3508 4300 2699 2242
2612 2243
2613 3765 2244
2614 2245 3358
2615 2245
2616 2248
2617 2248
2618 2248
2619 2253 3865
2620 2254
2621 2257 3173 2384
2622 2642 4065 2258
2623 2260 3577
2624 2260 2777 3591 2563
2625 2261
2626 2263
2627 3068 2264
2628 2265
2629 2265
2630 2265
2631 2268
2632 2268
2633 2268
2634 3302 2269
2635 2269
2636 2491 2495 2271
2637 2272 3515 3062 4309
2638 3575 2273
2639 2274
2640 2274
2641 2277
2642 2277
2643 2277
2644 2285 3289
2645 2286 3916
2646 2288 3292
2647 3889 3811 4035 2288
2648 2290
2649 2293 4310 2749 3139 4074
2650 2867 2765 2294 2687
2651 2297 3467
2652 2297
2653 2299
2654 2299 3489 3257 4047
2655 2810 2303
2656 2303
2657 3276 2305 3905
2658 2309
2659 2309
2660 3659 2309
2661 2310
2662 3689 2312
2663 2313
2664 2314
2665 2315 3636
2666 2315
2667 3783 2316 3901 3672
2668 2317 4172
2669 2318
2670 2318
2671 2318
2672 2322
2673 2322
2674 3584 2856 2324 3047 3698 3309
2675 2994 2329
2676 2329
2677 3321 2331
2678 2982 2331
2679 2332
2680 2402 2332 2403
2681 2332 2614
2682 2334
2683 3288 2335
2684 2336 3116
2685 2336 4064
2686 3321 2337 2767
2687 2967 2337
2688 2338
2689 2338
2690 2339 3832
2691 2339
2692 2342
2693 2342 2840
2694 4234 2344 4195
2695 2344 3876
2696 2345 2854
2697 2346
2698 2738 2346
2699 4019 2347
2700 2349
2701 2648 2350
2702 2351
2703 2354
2704 2354
2705 2987 2355
2706 2357
2707 2358
2708 2363
2709 2363
2710 2363
2711 2365 2954
2712 3526 2885 2366
2713 2367
2714 2367
2715 2368 3472
2716 2369
2717 2369
2718 2369
2719 2370 2598
2720 2370
2721 2371
2722 2372
2723 2372
2724 2372
2725 2375
2726 3769 2380
2727 4139 3775 2382
2728 2383
2729 2386
2730 2386
2731 2386
2732 2782 2958 2387
2733 2388
2734 2388
2735 2389
2736 2394
2737 2394
2738 3840 2396
2739 4033 2748 2396
2740 2396
2741 2397 4217
2742 2398 2809 3166 2551
2743 2398
2744 3220 2403
2745 2404
2746 2405
2747 2406
2748 2406
2749 2406 2598
2750 2407
2751 2408
2752 2409
2753 2410 3969
2754 3334 2410
2755 2411
2756 4235 2412
2757 2413 2678
2758 2415
2759 2419 2683
2760 2419
2761 2419
2762 3282 3801 4219 2716 2420
2763 2422
2764 2422
2765 2424
2766 2428
2767 2428 3470
2768 2428 2984
2769 2429
2770 2431
2771 2434
2772 2437
2773 2438
2774 2907 2439
2775 2440
2776 3971 2441 3009
2777 3839 2444
2778 2909 2444
2779 2447 3907
2780 3255 2448
2781 4114 4006 3934 2778 2449
2782 2691 2449
2783 4230 2453 2979
2784 2456 3990
2785 3673 3016 4220 2457 3860
2786 2458 3361
2787 2734 2461
2788 2462 2865
2789 4115 4154 2463
2790 2463
2791 2465
2792 2465
2793 2468
2794 2468
2795 2468
2796 2471
2797 2471
2798 2471
2799 2472 3063 2906
2800 2477
2801 2601 2478
2802 2478
2803 2478
2804 2482
2805 2482
2806 2482
2807 3003 2933 2740 2484
2808 2485
2809 2485
2810 2485
2811 2486
2812 2584 2488 4312
2813 3956 2493
2814 2495
2815 2876 2497 3025
2816 2500
2817 2500
2818 2975 2502
2819 2504
2820 2504
2821 2504
2822 3094 2508
2823 2512 3965 4044
2824 2515
2825 2518
2826 2522
2827 2524
2828 2524
2829 2524
2830 2525
2831 2527 3469
2832 2529
2833 2529
2834 2529
2835 2530
2836 3328 2530 3225
2837 2532
2838 2532
2839 2532
2840 2533
2841 2534 4240
2842 2535
2843 2536 3764
2844 2538
2845 2540
2846 2540
2847 3841 2542
2848 2544
2849 2545
2850 2546 3780 3586
2851 2546
2852 3935 2548 2778 3866
2853 2550
2854 2550
2855 2552
2856 2552
2857 2639 2552
2858 2553
2859 2553
2860 2557 3759
2861 2610 2560
2862 2560
2863 2615 2562
2864 4244 2567
2865 2567
2866 2640 2956 2570 3665
2867 2570
2868 2571 3629 4257
2869 2572 2690
2870 2577
2871 2577
2872 2577
2873 3682 3463 2578
2874 2584
2875 2586 2862 3363 3529
2876 2589
2877 2592
2878 2593
2879 2594
2880 2597
2881 2597
2882 2597
2883 2599
2884 2603
2885 2603
2886 2603
2887 2604 2823
2888 2605
2889 2605
2890 2607
2891 2609
2892 2610
2893 2611 3286
2894 2614
2895 2614
2896 2615
2897 2616
2898 2621 3462
2899 2621
2900 2623 3187 2825 3614
2901 2866 2624 4222
2902 2626 3074
2903 2627
2904 2628
2905 3666 2630
2906 2631 3278
2907 2633
2908 2633
2909 2638
2910 2639
2911 2639
2912 2641
2913 2641
2914 2642
2915 2649
2916 4333 2653
2917 3729 2654 3794 3981
2918 2654
2919 2656
2920 2657
2921 3504 3938 2658
2922 2659
2923 2661
2924 2662
2925 3502 2662
2926 2662
2927 2663
2928 2663
2929 2665
2930 3115 2666
2931 2666
2932 3553 2667
2933 2667 3228
2934 2668 3865
2935 3435 2670
2936 2679
2937 2679
2938 2679
2939 2680
2940 2681 3609
2941 2681 3073
2942 2681
2943 2682
2944 2682
2945 2687
2946 2688
2947 2688
2948 2688
2949 4290 2689 3995
2950 2691
2951 2694 2890
2952 2697
2953 2702
2954 2850 2703 3657
2955 3255 3230 2704
2956 3324 2704 3510
2957 2837 2705 3947 3550
2958 3035 2705
2959 2707
2960 2707
2961 2707
2962 2708
2963 2710
2964 2710
2965 2710
2966 2711 3065
2967 2712
2968 2712
2969 2712
2970 2719
2971 2719
2972 2724 2910
2973 4133 2725
2974 2726 3743
2975 2727
2976 2727
2977 2728
2978 3371 2730 3285 3641
2979 2734
2980 2734
2981 2735
2982 2735
2983 2735
2984 2737
2985 2737
2986 2738
2987 2739
2988 2739
2989 2739
2990 2994 2740 3782
2991 2740
2992 2743
2993 2744
2994 4055 4142 2747 3781
2995 2748
2996 2748
2997 2750
2998 2888 3969 2752
2999 2755 3683
3000 2756
3001 2756 3431
3002 2757 3571 3755
3003 2757
3004 2759 4219
3005 3649 3411 3857 2760 3487
3006 2762 3497
3007 2763
3008 4248 3038 2768
3009 2770
3010 2770
3011 2770
3012 3208 2771
3013 3262 2773 3991
3014 2775
3015 2776 3706 3748
3016 2776
3017 2778
3018 2784
3019 2786 2795 4078
3020 4225 4075 2789
3021 2789
3022 2790
3023 2790
3024 3922 2791
3025 2794
3026 2794
3027 2794
3028 2795
3029 2805 3103 3939
3030 2806
3031 2808
3032 2808
3033 2810
3034 2811
3035 3875 2813
3036 3534 2813
3037 2814
3038 3506 2814
3039 2819
3040 2819
3041 3637 2821
3042 2824
3043 2827 3231 3599
3044 2829
3045 2829
3046 2829
3047 3331 3642 2830
3048 2837 2831 3767
3049 2832
3050 2838
3051 2838
3052 2838
3053 2840 3717
3054 2842
3055 2842
3056 2843
3057 2844
3058 2844
3059 2844
3060 2845
3061 2845
3062 2846
3063 2846
3064 2846
3065 2851 3735
3066 2851 3746
3067 2852
3068 2854
3069 3317 2855 3640
3070 2855
3071 2855
3072 2857
3073 3630 2924 2859
3074 2861
3075 2861
3076 4122 2864
3077 3771 3218 2865 3092
3078 2867 3647 4330
3079 3434 4021 2919 3954 2914 2868
3080 2868 3943
3081 3578 3072 3339 2869
3082 2872
3083 2872
3084 2874 3577 3846
3085 2874 3367
3086 2875
3087 2882
3088 3453 2883
3089 2944 3395 2884
3090 2885 3222
3091 2885
3092 2887 3741
3093 4301 2889
3094 2891
3095 2891
3096 2894
3097 2894
3098 2894
3099 3604 3200 2895
3100 2897 3704
3101 2897
3102 2898
3103 2898
3104 2899
3105 2899
3106 2899
3107 3140 2900 3081 3279
3108 2900
3109 3279 2900
3110 2902 3652
3111 2904
3112 2904
3113 2904
3114 3991 2905 4052 4087
3115 2909
3116 2910
3117 2911 3125
3118 2911
3119 2911
3120 2913 3998
3121 2937 3433 2914
3122 2923 3345
3123 2923 4100
3124 3984 4217 3675 2925
3125 2926 4094
3126 2996 2927
3127 2928 2943
3128 2929
3129 2929
3130 2931
3131 3159 2931
3132 2932
3133 2932
3134 2933 4043 3861
3135 2934
3136 2937
3137 2938 3257
3138 3689 2939
3139 2946 4081
3140 2950
3141 2951
3142 2951
3143 2953 3201
3144 2957 3622
3145 2957
3146 2963
3147 2964
3148 3766 2964
3149 2965 4055
3150 2967
3151 2983
3152 4126 2987
3153 2989
3154 3413 2989
3155 3438 2991
3156 2991
3157 2993
3158 2993
3159 2993
3160 2997 3402
3161 2997
3162 3001
3163 3001
3164 3695 3002
3165 3003 3980
3166 3614 3006
3167 3009
3168 3010 3312
3169 3012
3170 3013
3171 3013
3172 3013
3173 3758 3015
3174 3020 4024
3175 3020 3743
3176 3020
3177 3022
3178 3022
3179 3505 3023
3180 3028
3181 3029
3182 3030
3183 3692 3031
3184 3314 3032
3185 3033 3118 3871
3186 3033 3978
3187 4291 3697 3573 3036 3034
3188 3036 3359
3189 3529 3037
3190 3041
3191 3041
3192 3041
3193 3042
3194 3048
3195 3048
3196 3048
3197 3049
3198 3105 3050
3199 4028 3399 3050
3200 3051
3201 3051
3202 3053
3203 3053
3204 3053
3205 3054 3231 3316
3206 3057
3207 3057
3208 4210 3058
3209 3058
3210 3060 4110 3841
3211 3061
3212 3061
3213 3232 3066
3214 3442 3067
3215 3069
3216 3071
3217 3867 3734 3072 3802
3218 3073
3219 3073
3220 3611 3074
3221 3074
3222 3075
3223 3077
3224 3077
3225 3078
3226 3078 4159
3227 3080 3740
3228 3142 3081
3229 3084
3230 3085
3231 4105 3086
3232 3086
3233 3087
3234 3087
3235 3716 3090
3236 3091
3237 3873 3096
3238 3719 3804 3487 3096
3239 3099 3586
3240 3102
3241 3962 3102
3242 3102
3243 3860 3873 3106
3244 3106
3245 3107 3827
3246 3110 4222
3247 3111
3248 3111
3249 3111
3250 3112 3468
3251 3113
3252 3113
3253 3113
3254 3791 3116
3255 3117
3256 4009 3117
3257 3118
3258 3119
3259 3121 3273
3260 3122
3261 3124
3262 3124
3263 3124
3264 3789 3125
3265 3127
3266 3128
3267 3130
3268 3131
3269 3131
3270 3133
3271 3133
3272 3137
3273 3137
3274 3138
3275 3139
3276 3140 3798
3277 3140
3278 3152 3141
3279 3141
3280 3142
3281 3142
3282 3143
3283 3143
3284 3143
3285 3465 3255 3144
3286 3953 3144
3287 3144
3288 3147
3289 3148
3290 3149
3291 3149 4022
3292 3150
3293 3150
3294 3150
3295 3151
3296 3151
3297 3153
3298 3153
3299 3153
3300 3158 3910
3301 3158
3302 3158
3303 3161
3304 3161
3305 3162
3306 3162
3307 3163 3440
3308 3163
3309 3164 3269
3310 3170
3311 3170
3312 3172 3438
3313 3172
3314 3173 4139
3315 3180 3408
3316 3182
3317 3184
3318 3185
3319 3186
3320 3188
3321 3189 3621
3322 3190 4240
3323 3190
3324 3192
3325 3192
3326 3192
3327 3194 3383
3328 3198
3329 3198
3330 3201
3331 3204
3332 3205
3333 3205
3334 3205
3335 3207
3336 3207
3337 3208
3338 3209
3339 3209
3340 3209 3808
3341 3210
3342 3211
3343 3212 3294
3344 3213
3345 3848 3214
3346 3770 3214
3347 3216
3348 3216
3349 3221
3350 3223
3351 3416 3224
3352 3328 3225
3353 3228
3354 3229
3355 3232
3356 3232
3357 3233 3900
3358 3233
3359 3233
3360 3234
3361 3238
3362 3238
3363 3240
3364 3242
3365 3242
3366 3244
3367 3244
3368 3246 3263 4191
3369 3246
3370 3473 3247
3371 3248
3372 3249
3373 3249
3374 3252
3375 3252
3376 3256
3377 3911 4141 3258
3378 3258
3379 3258
3380 3260 3751
3381 3264
3382 3433 3970 3270 3394 4103
3383 3271
3384 3271
3385 3279 3409 3272 4018 3423 3828
3386 3273
3387 3319 3273
3388 3275
3389 3275
3390 3277
3391 3277
3392 3281 4321
3393 3282 3648
3394 3288
3395 3290
3396 3290
3397 3291
3398 3294
3399 3295
3400 3301
3401 3301
3402 3302
3403 3304
3404 3304
3405 3304
3406 3305
3407 3305
3408 3305
3409 3307
3410 3584 3309
3411 3310
3412 3310
3413 3311
3414 3311
3415 3311
3416 3313
3417 3314
3418 3314
3419 3315
3420 3315
3421 3315
3422 3317
3423 3317
3424 3960 3318
3425 3318 3437
3426 3319
3427 3319
3428 3320
3429 3320
3430 3324
3431 3324
3432 3335
3433 3335
3434 4233 3336
3435 3336 3718 4040
3436 3336
3437 3337
3438 3337
3439 3337
3440 3341
3441 3341
3442 3341
3443 3827 3342
3444 3342
3445 3342
3446 3343
3447 3343
3448 3343
3449 3345 3810
3450 3345
3451 3350
3452 3350
3453 3350
3454 3888 3352
3455 3353 4216
3456 3353
3457 3813 3355
3458 4101 3356 4072
3459 3358
3460 3358
3461 3362
3462 3986 3363
3463 3364
3464 3366
3465 3366
3466 4161 3367
3467 3372
3468 3375 3897
3469 3377
3470 3378
3471 3379
3472 3379
3473 3380
3474 3380
3475 3380
3476 3382
3477 3382
3478 3384 3650 3725
3479 3653 3384
3480 3384 3668
3481 3386
3482 3386
3483 3386
3484 3991 3577 3387 3622
3485 3387
3486 3388
3487 3388
3488 4080 3389
3489 3391 3629
3490 3395
3491 3396
3492 3400
3493 3401 3569
3494 3401
3495 3401
3496 3403
3497 3403
3498 3403
3499 3649 3405
3500 3407
3501 3407
3502 3409
3503 4225 3410 4118 4174
3504 3414
3505 3415
3506 3419
3507 3531 3420 3888
3508 3422
3509 3423
3510 3425
3511 3425
3512 3428
3513 3428
3514 3428
3515 3430
3516 3430
3517 3852 3431
3518 3431
3519 4012 3432 3582
3520 3432
3521 3435
3522 3439 4050
3523 3440
3524 3440
3525 3442
3526 3442
3527 3445
3528 3445
3529 3446
3530 3446
3531 3446
3532 3454
3533 4286 3454
3534 3455
3535 3455
3536 3456
3537 3456
3538 3826 3457
3539 3985 4176 3460
3540 3461
3541 3461
3542 3466
3543 3466
3544 3469
3545 3470
3546 3470
3547 4086 4168 3472
3548 3475
3549 4077 3475
3550 3476
3551 3476
3552 3478
3553 3479
3554 4015 3479
3555 3479
3556 3482 4144
3557 3482
3558 3482
3559 3484
3560 3484
3561 3484
3562 3643 3486
3563 3486
3564 3486
3565 3487
3566 3493
3567 3494
3568 3498
3569 3499
3570 3499
3571 3499
3572 3500
3573 3501
3574 3507
3575 3509
3576 3509
3577 3510
3578 3511
3579 3511
3580 3513
3581 3960 3513
3582 3513
3583 3514
3584 3514
3585 3514
3586 3517
3587 3517
3588 3517
3589 3519
3590 3519
3591 3519
3592 3520
3593 3520
3594 3520
3595 3521
3596 3523
3597 3523
3598 3523
3599 3524
3600 3524
3601 3524
3602 3525
3603 3525 4128
3604 3528
3605 3528
3606 3529
3607 3530
3608 3534
3609 3803 3535
3610 3538
3611 3538
3612 3538
3613 3545
3614 3548 4312
3615 3553
3616 3553
3617 4014 3557
3618 3558
3619 3562
3620 3562
3621 3564
3622 3902 3565 4284
3623 3566 3946
3624 3567
3625 3567
3626 3567
3627 3568
3628 3568
3629 3568
3630 3755 3571
3631 3572
3632 3572
3633 3572
3634 3579
3635 3579
3636 3581
3637 3581
3638 3798 3582
3639 3583
3640 3583
3641 3583
3642 3589
3643 3589
3644 3589
3645 3592
3646 3667 3592
3647 3592
3648 3597
3649 3597
3650 3600
3651 3600
3652 3601
3653 3602
3654 3602
3655 3603 3932
3656 3953 3734 3607 3735
3657 3607 3921
3658 3607
3659 3609
3660 3615
3661 3618
3662 3620
3663 3951 3621
3664 3630 4285
3665 3631
3666 3631 3809
3667 3633
3668 3633
3669 3636
3670 3637 3976
3671 3637
3672 3638
3673 3638
3674 3638
3675 3644
3676 3645
3677 3645
3678 3645
3679 3646
3680 3648
3681 3648
3682 4049 3649
3683 3651
3684 3651
3685 3712 3651 3965 3785
3686 3653 3935 3668
3687 3935 3655
3688 3840 3655
3689 3655
3690 3656
3691 3658
3692 3658
3693 3658
3694 3661
3695 3661
3696 3662
3697 4026 3669
3698 3669
3699 4303 3672
3700 3674 3972
3701 3674
3702 3674
3703 3984 3675
3704 3675
3705 3678
3706 3678
3707 3678
3708 3682
3709 3682
3710 3683
3711 4286 3684
3712 3686
3713 3687
3714 3687
3715 3690
3716 3690
3717 3696
3718 3698
3719 3698
3720 3701
3721 3701
3722 4000 3705
3723 3707
3724 3710 4000
3725 3710
3726 3711 3898 3932
3727 3953 3712
3728 3712 3952 3848
3729 3714
3730 3720
3731 3721
3732 3721
3733 3722
3734 3722
3735 3722
3736 3724
3737 3724
3738 3724
3739 3725
3740 4026 3726
3741 3726
3742 3728
3743 3728
3744 3729
3745 3729
3746 3730
3747 3732
3748 3732
3749 3735
3750 3737
3751 3737
3752 3737
3753 3738 3955 4176
3754 3740
3755 3742 4066
3756 3745
3757 3745
3758 3745
3759 3749
3760 3751
3761 3912 3752
3762 3755
3763 3756
3764 3756
3765 3759 3809
3766 3764
3767 3765
3768 3767
3769 3767
3770 4043 3768
3771 4130 3769
3772 3769
3773 3772
3774 3774
3775 3776
3776 3776
3777 3778
3778 3778
3779 3779 3859
3780 3781
3781 3782
3782 3782
3783 3784
3784 3786
3785 3787
3786 3787
3787 3787
3788 3956 3788
3789 3790
3790 3790
3791 3790
3792 3791
3793 3791
3794 3792
3795 3792
3796 3792
3797 3793
3798 3793
3799 3793
3800 3794 4040
3801 3795
3802 3795
3803 3795
3804 3798
3805 3799
3806 3799
3807 3800
3808 3800
3809 3801 4003
3810 3802
3811 3802
3812 3806
3813 3806
3814 3806
3815 3807
3816 3807
3817 3807
3818 4186 3808
3819 4186 3808
3820 3810
3821 3813
3822 3816
3823 3817
3824 3817
3825 3817
3826 3819
3827 3820
3828 3820
3829 3822
3830 3823
3831 3824 3887
3832 3824
3833 3824
3834 3825
3835 4083 3825 3874
3836 3828
3837 3829
3838 3830
3839 3835
3840 3836
3841 3843
3842 3844
3843 3844
3844 3845
3845 3845
3846 3845
3847 4213 3849
3848 3849
3849 3849
3850 3851
3851 3851
3852 3851
3853 3852
3854 3852
3855 3854
3856 4233 3854
3857 3855
3858 3855
3859 3855
3860 3856
3861 3856
3862 3857
3863 3858
3864 3858
3865 3858
3866 3859
3867 3859
3868 3861
3869 3862
3870 3863
3871 3863
3872 3864
3873 3864
3874 3864
3875 3866
3876 3867
3877 3867
3878 3868
3879 3868
3880 3868
3881 3870 4281
3882 3870
3883 3872
3884 3872
3885 3872
3886 3873
3887 3876
3888 3876
3889 3878
3890 3880
3891 3880
3892 3882
3893 3882
3894 3882
3895 3883
3896 3883
3897 3883
3898 3885
3899 3887
3900 3887
3901 3888
3902 3890 3975
3903 3892
3904 3892
3905 3892
3906 3893
3907 3893
3908 3893
3909 3894
3910 3894
3911 3894
3912 3895
3913 3895
3914 3897
3915 3900
3916 3900
3917 3902
3918 3903
3919 3905
3920 3905
3921 3908
3922 3908
3923 3908
3924 3909 4128
3925 4106 3910
3926 3911
3927 3912
3928 3912
3929 3913
3930 3914
3931 3914
3932 3915
3933 3915
3934 3917
3935 3917
3936 3917
3937 3921
3938 3937 3921
3939 3927
3940 3929
3941 3929
3942 3930
3943 3930
3944 3930
3945 3932
3946 3942 3934
3947 4092 3936
3948 3942 4044
3949 3944
3950 3944
3951 3944
3952 3947
3953 3949
3954 3965 3952
3955 3952
3956 4143 3954
3957 3957
3958 3957
3959 3957
3960 3958
3961 3958
3962 3958
3963 3959
3964 3961 4226
3965 3961
3966 3964
3967 3964
3968 3964
3969 3966
3970 3966
3971 3966
3972 3967
3973 3967
3974 3967
3975 3970
3976 3971
3977 3972
3978 3972
3979 3975
3980 3977
3981 3977
3982 3977
3983 3982
3984 3982
3985 3982
3986 3987
3987 3987
3988 4009 3988
3989 4108 3988
3990 3990
3991 3990
3992 3992
3993 3992
3994 3992
3995 3993
3996 3993
3997 3993
3998 3996
3999 3997
4000 3997
4001 3998
4002 3999
4003 3999
4004 3999
4005 4001
4006 4001
4007 4001
4008 4002
4009 4002
4010 4003 4047
4011 4003
4012 4006
4013 4010
4014 4010
4015 4010
4016 4012
4017 4012
4018 4014
4019 4015
4020 4016
4021 4016
4022 4016
4023 4020
4024 4020
4025 4023
4026 4023
4027 4024
4028 4026
4029 4033 4030
4030 4030
4031 4030
4032 4032
4033 4033
4034 4034
4035 4034
4036 4034
4037 4035
4038 4038
4039 4039
4040 4039
4041 4039
4042 4040
4043 4041
4044 4041
4045 4041
4046 4042
4047 4042
4048 4042
4049 4043
4050 4044
4051 4045
4052 4045
4053 4045
4054 4048 4068
4055 4049
4056 4050
4057 4050
4058 4053
4059 4053
4060 4056
4061 4056
4062 4056
4063 4058
4064 4059
4065 4059
4066 4060
4067 4060
4068 4060
4069 4061
4070 4061
4071 4061
4072 4062
4073 4062
4074 4062
4075 4064
4076 4064
4077 4065
4078 4068
4079 4228 4069
4080 4072
4081 4073
4082 4073
4083 4079
4084 4080
4085 4080
4086 4082
4087 4082
4088 4082
4089 4083
4090 4083
4091 4085
4092 4085
4093 4085
4094 4086 4153
4095 4301 4300 4306 4087
4096 4089
4097 4090
4098 4090
4099 4090
4100 4091
4101 4092
4102 4092
4103 4093
4104 4093
4105 4095
4106 4095
4107 4095
4108 4097
4109 4097
4110 4097
4111 4099
4112 4099
4113 4104
4114 4104
4115 4104
4116 4192 4105
4117 4107 4194
4118 4108
4119 4108
4120 4109
4121 4109
4122 4109
4123 4111
4124 4117
4125 4117
4126 4117
4127 4119
4128 4119
4129 4121
4130 4121
4131 4121
4132 4122
4133 4122
4134 4126
4135 4127 4168
4136 4127
4137 4128
4138 4129
4139 4129
4140 4131
4141 4132
4142 4132
4143 4132
4144 4134
4145 4136
4146 4170 4136 4171
4147 4137
4148 4205 4137
4149 4137
4150 4138
4151 4142
4152 4183 4143
4153 4144
4154 4145
4155 4145
4156 4145
4157 4148
4158 4148
4159 4148
4160 4149
4161 4151
4162 4151
4163 4152
4164 4152
4165 4202 4155
4166 4155
4167 4155
4168 4156
4169 4156
4170 4156
4171 4157
4172 4157
4173 4159
4174 4162
4175 4162
4176 4162
4177 4163
4178 4163
4179 4163
4180 4164
4181 4164
4182 4164
4183 4166
4184 4166
4185 4166
4186 4169
4187 4169
4188 4169
4189 4170
4190 4170
4191 4171
4192 4171
4193 4172 4270
4194 4178
4195 4179
4196 4179
4197 4179
4198 4180
4199 4180
4200 4181
4201 4183
4202 4185
4203 4187
4204 4187
4205 4187
4206 4192
4207 4192
4208 4281 4193
4209 4194
4210 4196
4211 4196
4212 4196
4213 4197
4214 4197
4215 4197
4216 4198
4217 4198
4218 4199
4219 4199
4220 4201
4221 4201
4222 4201
4223 4202
4224 4202
4225 4203
4226 4203
4227 4203
4228 4204
4229 4204
4230 4205
4231 4205
4232 4207
4233 4207
4234 4208
4235 4209
4236 4209
4237 4209
4238 4211
4239 4211
4240 4211
4241 4213
4242 4213
4243 4265 4214
4244 4214
4245 4216
4246 4216
4247 4218
4248 4221
4249 4221
4250 4226
4251 4226
4252 4231
4253 4231
4254 4232
4255 4232
4256 4232
4257 4234
4258 4235
4259 4237
4260 4238
4261 4238
4262 4239
4263 4239
4264 4239
4265 4240
4266 4242
4267 4242
4268 4242
4269 4243
4270 4243
4271 4243
4272 4246
4273 4246
4274 4246
4275 4247
4276 4250
4277 4250
4278 4250
4279 4253
4280 4253
4281 4253
4282 4254
4283 4254
4284 4254
4285 4255
4286 4255
4287 4256
4288 4256
4289 4256
4290 4258
4291 4258
4292 4258
4293 4259
4294 4259
4295 4260
4296 4260
4297 4261
4298 4261
4299 4261
4300 4263
4301 4263
4302 4263
4303 4264
4304 4264
4305 4264
4306 4265
4307 4265
4308 4266
4309 4266
4310 4266
4311 4267
4312 4267
4313 4268
4314 4268
4315 4268
4316 4270
4317 4271
4318 4271
4319 4271
4320 4274 4272
4321 4272
4322 4272
4323 4273
4324 4273
4325 4275
4326 4275
4327 4276
4328 4278
4329 4278
4330 4278
4331 4279
4332 4279
4333 4279
4334 4280
4335 4280
4336 4281
4337 4282
4338 4284
4339 4284
4340 4285
4341 4285
4342 4288
4343 4288
4344 4288
4345 4289
4346 4289
4347 4289
4348 4290
4349 4292
4350 4292
4351 4292
4352 4293
4353 4293
4354 4293
4355 4294
4356 4294
4357 4294
4358 4295
4359 4295 4327
4360 4296
4361 4296
4362 4297
4363 4297
4364 4297
4365 4298
4366 4298
4367 4298
4368 4299
4369 4302
4370 4302
4371 4302
4372 4303
4373 4303
4374 4304
4375 4304
4376 4304
4377 4305
4378 4305
4379 4306
4380 4307
4381 4307
4382 4308
4383 4308
4384 4308
4385 4311
4386 4311
4387 4312
4388 4316 4313
4389 4316 4313
4390 4316 4313
4391 4314
4392 4314
4393 4318
4394 4318
4395 4318
4396 4319
4397 4319
4398 4320
4399 4320
4400 4320
4401 4321
4402 4323
4403 4323
4404 4323
4405 4324
4406 4325
4407 4325
4408 4325
4409 4326
4410 4326
4411 4326
4412 4328
4413 4328
4414 4328
4415 4329
4416 4329
4417 4329
4418 4331
4419 4331
4420 4331
4421 4332
4422 4332
4423 4332
